<?xml version="1.0" encoding="UTF-8" standalone="no"?>
<!DOCTYPE svg PUBLIC "-//W3C//DTD SVG 20010904//EN"
              "http://www.w3.org/TR/2001/REC-SVG-20010904/DTD/svg10.dtd">

<svg xmlns="http://www.w3.org/2000/svg"
     width="16.5972in" height="13.0417in"
     viewBox="0 0 1195 939">
  <path id="Basques"
        fill="none" stroke="black" stroke-width="1"
        d="M 285.34,678.96
           C 283.21,685.66 273.92,681.01 269.38,684.60
             266.78,686.65 265.06,691.76 262.62,692.83
             258.87,694.49 257.71,689.24 251.00,691.22
             244.11,693.24 242.62,697.70 238.00,699.40
             236.23,700.05 233.88,699.99 232.00,700.00
             224.52,700.05 210.63,700.80 204.00,698.64
             201.69,697.89 197.41,696.38 195.87,694.36
             193.70,691.10 195.89,682.89 195.87,679.00
             195.57,674.57 192.11,664.43 195.02,660.58
             196.93,658.06 204.00,657.31 207.00,656.89
             209.64,656.52 212.41,655.30 215.00,655.77
             217.61,656.25 219.98,658.32 223.00,658.63
             226.28,658.95 228.54,657.07 232.00,657.49
             236.13,658.00 238.82,661.36 245.00,660.80
             247.95,660.54 252.24,659.27 254.58,657.44
             257.52,655.13 260.28,650.75 263.98,649.66
             267.38,648.65 268.88,650.89 268.76,654.02
             268.56,658.95 266.03,658.78 266.00,670.00
             270.60,670.61 287.73,671.47 285.34,678.96 Z" />
</svg>
