<?xml version="1.0" encoding="UTF-8" standalone="no"?>
<!DOCTYPE svg PUBLIC "-//W3C//DTD SVG 20010904//EN"
              "http://www.w3.org/TR/2001/REC-SVG-20010904/DTD/svg10.dtd">

<svg xmlns="http://www.w3.org/2000/svg"
     width="16.5972in" height="13.0417in"
     viewBox="0 0 1195 939">
  <path id="Unknown005"
        fill="none" stroke="black" stroke-width="1"
        d="M 374.36,546.55
           C 374.36,546.91 374.18,560.36 374.36,560.36
             374.55,560.36 381.09,562.00 380.91,562.00
             380.73,562.00 381.09,571.82 381.09,571.82
             381.09,571.82 377.45,584.36 377.27,584.36
             377.09,584.36 380.00,589.64 380.00,589.64
             380.00,589.64 378.00,611.27 378.00,611.27
             378.00,611.27 386.55,612.18 386.55,612.18
             386.55,612.18 386.36,616.18 386.18,616.18
             386.00,616.18 382.55,624.00 382.55,624.00
             382.55,624.00 395.64,629.09 395.64,629.09
             395.64,629.09 405.27,622.55 405.27,622.55
             405.27,622.55 416.91,631.82 417.27,631.82
             417.64,631.82 423.64,629.27 423.64,629.27
             423.64,629.27 430.91,633.45 430.91,633.45
             430.91,633.45 436.00,630.73 436.00,630.73
             436.00,630.73 446.55,607.82 446.55,607.82
             446.55,607.82 445.09,600.00 445.09,600.00
             445.09,600.00 440.36,597.64 440.36,597.45
             440.36,597.27 441.82,589.64 441.82,589.64
             441.82,589.64 439.45,581.45 439.45,581.45
             439.45,581.45 442.18,575.27 442.18,575.27
             442.18,575.27 452.91,572.55 452.91,572.55
             452.91,572.55 459.45,565.82 459.45,565.27
             459.45,564.73 459.45,559.64 459.27,559.64
             459.09,559.64 449.09,560.18 448.91,560.18
             448.73,560.18 443.82,555.82 443.82,556.00
             443.82,556.18 440.36,559.82 440.36,559.82
             440.36,559.82 430.00,559.64 430.00,559.64
             430.00,559.64 437.82,552.55 437.82,552.55
             437.82,552.55 440.18,540.91 440.18,540.91
             440.18,540.91 440.73,533.09 440.73,533.09
             440.73,533.09 434.73,527.64 433.82,527.64
             432.91,527.64 421.45,525.27 421.45,525.27
             421.45,525.27 418.73,534.91 418.73,535.09
             418.73,535.27 414.18,541.45 414.18,541.45
             414.18,541.45 400.00,539.27 400.00,539.27
             400.00,539.27 387.09,546.00 387.09,546.00
             387.09,546.00 374.73,546.55 374.73,546.55" />
</svg>
