<?xml version="1.0" encoding="UTF-8" standalone="no"?>
<!DOCTYPE svg PUBLIC "-//W3C//DTD SVG 20010904//EN"
              "http://www.w3.org/TR/2001/REC-SVG-20010904/DTD/svg10.dtd">

<svg xmlns="http://www.w3.org/2000/svg"
     width="16.5972in" height="13.0417in"
     viewBox="0 0 1195 939">
  <path id="Unknown032"
        fill="none" stroke="black" stroke-width="1"
        d="M 156.67,265.67
           C 156.67,265.67 143.67,266.33 143.67,266.67
             143.67,267.00 138.00,272.67 138.00,272.67
             138.00,272.67 142.67,288.33 142.67,288.33
             142.67,288.33 163.67,302.00 163.67,302.00
             163.67,302.00 170.33,301.33 170.33,301.33
             170.33,301.33 171.33,298.67 171.33,298.67
             171.33,298.67 170.00,291.67 170.00,291.67
             170.00,291.67 175.67,293.00 175.67,293.00
             175.67,293.00 181.33,293.00 181.33,293.00
             181.33,293.00 186.33,289.67 186.33,289.67
             186.33,289.67 191.00,284.00 191.00,284.00
             191.00,284.00 195.67,284.00 195.67,284.00
             195.67,284.00 200.33,281.33 200.33,281.33
             200.33,281.33 199.67,279.00 199.67,279.00
             199.67,279.00 203.00,271.00 203.33,270.67
             203.67,270.33 206.67,263.00 206.67,263.00
             206.67,263.00 213.00,256.67 213.00,256.67
             213.00,256.67 211.67,251.67 211.67,251.67
             211.67,251.67 201.67,255.33 201.67,255.33
             201.67,255.33 191.67,254.67 191.67,254.67
             191.67,254.67 190.00,261.00 190.00,261.00
             190.00,261.00 184.67,257.33 184.67,257.33
             184.67,257.33 179.33,254.33 179.33,254.33
             179.33,254.33 172.00,253.33 172.00,253.33
             172.00,253.33 165.33,254.00 165.33,254.00
             165.33,254.00 159.33,258.33 159.33,258.33
             159.33,258.33 156.33,265.33 156.67,265.33" />
</svg>
