<?xml version="1.0" encoding="UTF-8" standalone="no"?>
<!DOCTYPE svg PUBLIC "-//W3C//DTD SVG 20010904//EN"
              "http://www.w3.org/TR/2001/REC-SVG-20010904/DTD/svg10.dtd">

<svg xmlns="http://www.w3.org/2000/svg"
     width="16.5972in" height="13.0417in"
     viewBox="0 0 1195 939">
  <path id="Unknown021"
        fill="none" stroke="black" stroke-width="1"
        d="M 688.18,280.73
           C 688.18,280.73 691.82,292.36 691.82,292.36
             691.82,292.36 697.27,298.91 697.27,298.91
             697.27,298.91 705.64,299.45 705.64,299.45
             705.64,299.45 707.45,307.27 707.45,307.64
             707.45,308.00 704.18,318.18 703.82,318.18
             703.45,318.18 694.91,329.27 694.91,329.27
             694.91,329.27 692.55,347.64 692.55,347.64
             692.55,347.64 691.09,354.00 690.73,354.36
             690.36,354.73 684.18,357.45 684.18,357.45
             684.18,357.45 678.73,351.45 678.55,351.45
             678.36,351.45 672.91,352.91 672.91,352.91
             672.91,352.91 667.82,355.45 667.82,355.45
             667.82,355.45 660.55,356.91 660.55,356.91
             660.55,356.91 651.27,363.64 651.27,363.64
             651.27,363.64 642.00,363.45 642.00,363.45
             642.00,363.45 639.09,365.64 639.09,365.64
             639.09,365.64 635.82,365.64 635.82,365.64
             635.82,365.64 634.73,357.27 634.73,357.27
             634.73,357.27 628.73,359.82 628.73,359.82
             628.73,359.82 619.27,358.00 619.27,358.00
             619.27,358.00 623.09,344.91 623.09,344.91
             623.09,344.91 623.45,332.55 623.45,332.55
             623.45,332.55 618.36,323.27 618.36,323.27
             618.36,323.27 620.73,317.82 620.73,317.82
             620.73,317.82 620.55,307.27 620.55,307.27
             620.55,307.27 640.55,302.00 640.55,301.45
             640.55,300.91 647.27,290.55 647.27,290.55
             647.27,290.55 654.00,290.55 654.00,290.55
             654.00,290.55 663.27,284.73 663.27,284.73
             663.27,284.73 678.55,280.73 678.73,280.36
             678.91,280.00 688.00,280.73 688.18,280.73" />
</svg>
