<?xml version="1.0" encoding="UTF-8" standalone="no"?>
<!DOCTYPE svg PUBLIC "-//W3C//DTD SVG 20010904//EN"
              "http://www.w3.org/TR/2001/REC-SVG-20010904/DTD/svg10.dtd">

<svg xmlns="http://www.w3.org/2000/svg"
     width="16.5972in" height="13.0417in"
     viewBox="0 0 1195 939">
  <path id="Unknown031"
        fill="none" stroke="black" stroke-width="1"
        d="M 116.33,287.33
           C 116.33,287.33 109.67,288.67 109.67,288.67
             109.67,288.67 104.67,285.67 104.67,285.67
             104.67,285.67 110.00,280.00 110.00,280.00
             110.00,280.00 110.00,274.00 110.00,274.00
             110.00,274.00 112.33,268.67 112.33,268.67
             112.33,268.67 123.67,266.33 123.67,266.33
             123.67,266.33 132.33,262.67 132.33,262.67
             132.33,262.67 132.33,259.33 132.33,259.33
             132.33,259.33 137.00,260.33 137.00,260.33
             137.00,260.33 141.67,266.00 141.67,266.00
             141.67,266.00 136.33,270.00 136.33,270.00
             136.33,270.00 142.67,288.67 142.67,288.67
             142.67,288.67 164.00,302.33 164.00,302.33
             164.00,302.33 164.33,308.33 164.33,308.33
             164.33,308.33 155.67,311.00 155.67,311.33
             155.67,311.67 159.67,325.33 159.67,325.67
             159.67,326.00 159.00,336.00 159.00,336.00
             159.00,336.00 162.33,350.67 162.33,350.67
             162.33,350.67 157.67,359.67 157.67,359.67
             157.67,359.67 156.00,368.00 156.00,368.00
             156.00,368.00 152.33,371.67 152.33,371.67
             152.33,371.67 156.00,375.00 156.00,375.00
             156.00,375.00 150.33,377.00 150.33,377.00
             150.33,377.00 142.67,378.00 142.33,378.00
             142.00,378.00 132.00,379.00 132.00,379.00
             132.00,379.00 127.33,384.67 127.33,384.67
             127.33,384.67 117.33,390.33 117.33,390.33
             117.33,390.33 111.67,386.00 111.67,386.67
             111.67,387.33 111.67,391.33 111.67,391.33
             111.67,391.33 92.33,401.00 91.67,401.33
             91.00,401.67 87.67,399.67 87.67,399.67
             87.67,399.67 79.33,401.00 79.33,401.00
             79.33,401.00 84.33,395.33 84.33,395.33
             84.33,395.33 73.33,396.67 73.67,396.67
             74.00,396.67 80.33,389.33 80.33,389.33
             80.33,389.33 68.67,390.67 68.67,390.67
             68.67,390.67 68.00,386.33 68.00,386.33
             68.00,386.33 78.67,380.33 78.67,380.33
             78.67,380.33 78.33,377.00 78.33,377.00
             78.33,377.00 69.00,377.00 69.00,377.00
             69.00,377.00 72.67,373.67 73.00,373.67
             73.33,373.67 81.33,374.33 81.33,374.33
             81.33,374.33 79.33,368.33 79.33,368.33
             79.33,368.33 85.33,363.33 85.33,363.33
             85.33,363.33 94.67,362.67 94.67,362.67
             94.67,362.67 104.00,359.67 104.00,359.67
             104.00,359.67 101.00,357.33 100.67,357.33
             100.33,357.33 98.00,355.67 98.00,355.67
             98.00,355.67 93.00,359.33 93.00,359.33
             93.00,359.33 84.67,359.33 84.67,359.33
             84.67,359.33 78.33,363.33 78.33,363.33
             78.33,363.33 89.00,353.00 89.00,353.00
             89.00,353.00 88.67,348.67 88.67,348.67
             88.67,348.67 90.67,343.33 90.67,343.33
             90.67,343.33 100.33,340.67 100.33,340.67
             100.33,340.67 97.33,337.33 97.00,337.33
             96.67,337.33 86.00,338.67 86.00,338.67
             86.00,338.67 85.00,335.00 85.00,335.00
             85.00,335.00 81.33,335.33 81.33,335.33
             81.33,335.33 81.00,332.67 81.00,332.67
             81.00,332.67 75.67,332.67 75.67,332.67
             75.67,332.67 75.67,327.33 75.67,327.33
             75.67,327.33 82.00,326.67 82.00,326.67
             82.00,326.67 78.00,322.00 78.00,322.00
             78.00,322.00 86.00,318.67 86.00,318.67
             86.00,318.67 86.00,315.33 86.00,315.33
             86.00,315.33 78.67,316.00 78.67,316.00
             78.67,316.00 71.67,311.00 71.67,311.00
             71.67,311.00 80.33,312.00 80.33,312.00
             80.33,312.00 80.33,307.33 80.33,307.33
             80.33,307.33 75.67,304.33 75.67,304.33
             75.67,304.33 76.67,301.00 76.33,301.00
             76.00,301.00 80.33,301.00 80.33,301.00
             80.33,301.00 83.00,300.00 83.33,300.00
             83.67,300.00 91.00,299.67 91.00,300.00
             91.00,300.33 95.33,305.33 95.33,305.33
             95.33,305.33 97.67,301.67 97.67,301.67
             97.67,301.67 107.00,303.33 107.00,303.33
             107.00,303.33 106.33,298.00 106.33,298.00
             106.33,298.00 114.33,293.67 114.33,293.67
             114.33,293.67 116.33,287.33 116.33,287.33" />
</svg>
