<?xml version="1.0" encoding="UTF-8" standalone="no"?>
<!DOCTYPE svg PUBLIC "-//W3C//DTD SVG 20010904//EN"
              "http://www.w3.org/TR/2001/REC-SVG-20010904/DTD/svg10.dtd">

<svg xmlns="http://www.w3.org/2000/svg"
     width="16.5972in" height="13.0417in"
     viewBox="0 0 1195 939">
  <path id="Unknown009"
        fill="none" stroke="black" stroke-width="1"
        d="M 443.33,542.00
           C 443.33,542.00 470.00,538.33 470.00,538.33
             470.00,538.33 488.00,536.33 488.00,536.33
             488.00,536.33 493.00,542.00 493.00,542.00
             493.00,542.00 498.67,541.33 498.67,541.33
             498.67,541.33 508.67,528.33 508.67,528.33
             508.67,528.33 508.67,520.67 508.67,520.67
             508.67,520.67 508.00,514.33 508.00,514.33
             508.00,514.33 513.00,511.33 513.00,511.33
             513.00,511.33 517.67,508.33 517.67,508.33
             517.67,508.33 530.33,492.00 530.67,492.00
             531.00,492.00 537.67,492.33 537.67,492.33
             537.67,492.33 537.33,486.67 537.33,486.67
             537.33,486.67 540.33,485.00 540.33,485.00
             540.33,485.00 539.67,477.33 539.33,477.33
             539.00,477.33 534.67,477.33 534.67,477.33
             534.67,477.33 530.33,478.67 530.33,478.67
             530.33,478.67 516.00,473.33 516.00,473.33
             516.00,473.33 508.33,473.67 508.33,474.00
             508.33,474.33 502.67,478.67 502.33,478.67
             502.00,478.67 497.33,485.67 497.33,485.67
             497.33,485.67 492.00,486.00 492.00,486.00
             492.00,486.00 485.33,491.00 485.33,491.00
             485.33,491.00 474.67,487.67 474.67,487.67
             474.67,487.67 468.00,491.33 468.00,491.33
             468.00,491.33 464.67,498.33 464.67,498.33
             464.67,498.33 457.67,509.33 457.67,510.00
             457.67,510.67 455.67,522.00 455.67,522.00
             455.67,522.00 452.67,523.00 452.67,523.00
             452.67,523.00 446.67,519.00 446.67,519.00
             446.67,519.00 446.67,527.67 446.67,527.67
             446.67,527.67 442.00,535.00 442.00,535.00
             442.00,535.00 443.67,541.67 443.67,542.00" />
</svg>
