<?xml version="1.0" encoding="UTF-8" standalone="no"?>
<!DOCTYPE svg PUBLIC "-//W3C//DTD SVG 20010904//EN"
              "http://www.w3.org/TR/2001/REC-SVG-20010904/DTD/svg10.dtd">

<svg xmlns="http://www.w3.org/2000/svg"
     width="16.5972in" height="13.0417in"
     viewBox="0 0 1195 939">
  <path id="Unknown025"
        fill="none" stroke="black" stroke-width="1"
        d="M 688.67,526.00
           C 688.67,526.00 702.67,535.00 702.67,535.00
             702.67,535.00 706.67,534.33 706.67,534.33
             706.67,534.33 711.00,538.00 711.00,538.00
             711.00,538.00 717.67,534.67 717.67,534.67
             717.67,534.67 720.67,539.33 720.67,539.33
             720.67,539.33 724.00,539.33 724.00,539.33
             724.00,539.33 726.00,545.00 726.00,545.00
             726.00,545.00 732.00,538.67 732.00,538.67
             732.00,538.67 738.33,536.33 738.33,536.33
             738.33,536.33 742.00,526.00 742.00,526.00
             742.00,526.00 747.33,527.67 747.33,527.67
             747.33,527.67 753.33,516.33 753.33,516.33
             753.33,516.33 750.00,509.33 750.00,509.33
             750.00,509.33 741.67,511.67 741.67,511.67
             741.67,511.67 736.67,500.67 736.67,500.67
             736.67,500.67 727.33,497.67 727.33,497.67
             727.33,497.67 725.67,488.33 725.67,488.33
             725.67,488.33 718.67,492.67 718.67,492.67
             718.67,492.67 713.00,491.00 713.00,491.00
             713.00,491.00 713.00,486.33 713.00,486.33
             713.00,486.33 708.67,486.33 708.67,486.33
             708.67,486.33 705.67,478.67 705.67,478.67
             705.67,478.67 700.67,484.00 700.67,484.00
             700.67,484.00 696.00,481.00 696.00,481.00
             696.00,481.00 686.67,482.00 686.67,482.00
             686.67,482.00 681.67,488.33 681.67,488.33
             681.67,488.33 668.67,502.67 668.67,503.33
             668.67,504.00 669.67,517.33 669.67,517.33
             669.67,517.33 675.67,526.67 675.67,526.67
             675.67,526.67 688.67,526.00 688.67,526.67" />
</svg>
