<?xml version="1.0" encoding="UTF-8" standalone="no"?>
<!DOCTYPE svg PUBLIC "-//W3C//DTD SVG 20010904//EN"
              "http://www.w3.org/TR/2001/REC-SVG-20010904/DTD/svg10.dtd">

<svg xmlns="http://www.w3.org/2000/svg"
     width="16.5972in" height="13.0417in"
     viewBox="0 0 1195 939">
  <path id="Unknown008"
        fill="none" stroke="black" stroke-width="1"
        d="M 381.27,843.82
           C 381.27,843.82 395.45,843.27 395.45,843.27
             395.45,843.27 405.27,850.73 405.27,850.55
             405.27,850.36 423.09,843.45 423.27,843.45
             423.45,843.45 431.09,838.00 431.09,838.00
             431.09,838.00 436.18,841.64 436.18,841.64
             436.18,841.64 446.55,841.64 446.55,841.45
             446.55,841.27 446.55,837.45 446.55,837.45
             446.55,837.45 455.09,839.27 455.27,839.45
             455.45,839.64 458.73,843.82 458.73,843.82
             458.73,843.82 480.73,842.91 480.73,842.73
             480.73,842.55 489.82,834.55 489.82,834.55
             489.82,834.55 503.09,830.91 503.27,830.91
             503.45,830.91 504.36,834.36 504.36,834.36
             504.36,834.36 508.36,833.64 508.36,833.64
             508.36,833.64 514.18,847.27 514.18,847.27
             514.18,847.27 529.09,838.36 529.27,838.36
             529.45,838.36 532.36,842.91 532.36,843.09
             532.36,843.27 525.27,853.82 525.27,853.82
             525.27,853.82 518.18,860.36 518.18,860.36
             518.18,860.36 517.45,866.73 517.45,866.73
             517.45,866.73 519.09,872.18 519.27,872.18
             519.45,872.18 528.36,876.91 528.36,876.91
             528.36,876.91 530.91,887.82 530.91,887.82
             530.91,887.82 520.91,903.27 520.91,903.27
             520.91,903.27 508.18,915.82 508.18,915.82
             508.18,915.82 502.73,913.09 502.73,913.09
             502.73,913.09 497.27,912.73 497.27,912.73
             497.27,912.73 493.09,915.09 493.09,915.09
             493.09,915.09 489.82,922.91 489.82,922.91
             489.82,922.91 483.82,923.09 483.82,923.09
             483.82,923.09 482.36,916.55 482.18,916.55
             482.00,916.55 475.45,916.55 475.45,916.55
             475.45,916.55 468.00,909.45 467.82,909.45
             467.64,909.45 457.82,910.36 457.82,910.36
             457.82,910.36 443.64,901.09 443.45,901.09
             443.27,901.09 437.09,901.64 436.00,901.64
             434.91,901.64 424.18,900.18 424.18,900.18
             424.18,900.18 415.45,903.45 415.45,903.45
             415.45,903.45 411.09,904.36 410.91,904.36
             410.73,904.36 409.82,899.64 409.64,899.64
             409.45,899.64 405.45,895.27 405.45,895.27
             405.45,895.27 404.55,887.45 404.55,887.45
             404.55,887.45 407.45,886.55 407.45,886.55
             407.45,886.55 406.73,883.82 406.73,883.82
             406.73,883.82 401.27,877.82 401.27,877.82
             401.27,877.82 393.09,873.27 393.09,873.27
             393.09,873.27 377.27,873.09 377.27,873.09
             377.27,873.09 369.09,870.36 369.09,870.36
             369.09,870.36 367.64,867.45 367.64,867.27
             367.64,867.09 366.73,860.91 366.73,860.91
             366.73,860.91 376.36,859.82 376.55,859.82
             376.73,859.82 380.73,850.18 380.73,850.18
             380.73,850.18 381.09,846.91 380.91,846.91
             380.73,846.91 381.27,844.00 381.27,844.00" />
</svg>
