<?xml version="1.0" encoding="UTF-8" standalone="no"?>
<!DOCTYPE svg PUBLIC "-//W3C//DTD SVG 20010904//EN"
              "http://www.w3.org/TR/2001/REC-SVG-20010904/DTD/svg10.dtd">

<svg xmlns="http://www.w3.org/2000/svg"
     width="16.5972in" height="13.0417in"
     viewBox="0 0 1195 939">
  <path id="Unknown01"
        fill="none" stroke="black" stroke-width="1"
        d="M 96.75,840.50
           C 96.75,840.50 108.50,837.25 108.75,837.25
             109.00,837.25 121.75,839.75 121.75,839.75
             121.75,839.75 138.25,835.00 138.25,835.00
             138.25,835.00 153.25,843.25 153.25,843.25
             153.25,843.25 152.75,850.00 152.75,850.00
             152.75,850.00 160.25,862.00 160.25,862.00
             160.25,862.00 168.50,866.00 168.75,866.00
             169.00,866.00 173.75,864.75 174.00,864.75
             174.25,864.75 178.50,855.75 179.00,855.75
             179.50,855.75 190.00,853.75 190.00,853.75
             190.00,853.75 194.50,848.25 194.50,848.25
             194.50,848.25 230.25,848.00 230.25,848.00
             230.25,848.00 232.75,843.00 232.75,843.00
             232.75,843.00 224.25,827.50 224.25,827.50
             224.25,827.50 214.00,824.25 214.00,824.25
             214.00,824.25 206.00,825.00 206.00,825.00
             206.00,825.00 205.75,806.25 205.75,806.25
             205.75,806.25 189.50,790.25 189.50,790.25
             189.50,790.25 190.25,776.75 190.25,776.75
             190.25,776.75 177.50,765.75 177.50,765.75
             177.50,765.75 179.00,719.00 179.00,719.00
             179.00,719.00 176.50,714.00 176.50,714.00
             176.50,714.00 184.00,714.25 184.25,714.25
             184.50,714.25 190.50,708.25 190.50,708.25
             190.50,708.25 194.00,693.25 194.00,693.25
             194.00,693.25 196.75,677.25 196.75,677.25
             196.75,677.25 193.50,665.00 193.50,665.00
             193.50,665.00 195.50,660.25 195.50,660.25
             195.50,660.25 164.75,653.50 164.75,653.50
             164.75,653.50 136.00,654.75 136.00,654.75
             136.00,654.75 128.75,648.75 128.75,648.75
             128.75,648.75 113.75,652.75 113.75,652.75
             113.75,652.75 113.00,658.00 113.00,658.00
             113.00,658.00 99.25,661.75 99.25,661.75
             99.25,661.75 92.75,671.25 92.75,671.75
             92.75,672.25 97.75,682.25 97.75,682.50
             97.75,682.75 101.25,683.25 101.50,683.25
             101.75,683.25 99.50,710.00 99.50,710.00
             99.50,710.00 104.75,731.25 104.75,731.50
             104.75,731.75 100.25,754.00 100.50,754.00
             100.75,754.00 89.50,776.75 89.50,776.75
             89.50,776.75 88.75,793.75 88.75,793.75
             88.75,793.75 92.75,793.00 92.75,793.00
             92.75,793.00 93.50,800.00 93.50,800.00
             93.50,800.00 100.75,799.75 100.75,799.75
             100.75,799.75 97.75,837.25 97.75,837.25" />
</svg>
