<?xml version="1.0" encoding="UTF-8" standalone="no"?>
<!DOCTYPE svg PUBLIC "-//W3C//DTD SVG 20010904//EN"
              "http://www.w3.org/TR/2001/REC-SVG-20010904/DTD/svg10.dtd">

<svg xmlns="http://www.w3.org/2000/svg"
     width="16.5972in" height="13.0417in"
     viewBox="0 0 1195 939">
  <path id="Unknown017"
        fill="none" stroke="black" stroke-width="1"
        d="M 584.55,222.73
           C 584.55,222.73 588.18,236.00 588.18,236.00
             588.18,236.00 600.73,252.55 600.73,252.91
             600.73,253.27 597.27,260.18 597.27,260.18
             597.27,260.18 590.73,257.82 590.73,257.82
             590.73,257.82 584.18,259.27 584.18,259.27
             584.18,259.27 580.55,269.45 580.36,269.45
             580.18,269.45 570.00,276.55 570.00,276.55
             570.00,276.55 556.36,276.18 556.36,276.18
             556.36,276.18 551.45,281.82 551.45,281.82
             551.45,281.82 546.73,282.73 546.73,282.73
             546.73,282.73 545.64,286.91 545.64,286.91
             545.64,286.91 539.09,287.82 539.09,287.82
             539.09,287.82 528.18,282.18 528.18,282.18
             528.18,282.18 528.55,276.00 528.55,276.00
             528.55,276.00 533.64,276.00 534.00,276.00
             534.36,276.00 539.45,279.82 539.45,279.82
             539.45,279.82 544.91,279.82 544.91,279.82
             544.91,279.82 542.91,268.00 542.73,268.00
             542.55,268.00 533.82,266.36 533.82,266.36
             533.82,266.36 532.73,255.64 532.73,255.64
             532.73,255.64 531.09,250.36 530.91,250.36
             530.73,250.36 527.45,250.36 527.45,250.18
             527.45,250.00 528.00,245.82 528.00,245.82
             528.00,245.82 535.27,246.18 535.27,246.18
             535.27,246.18 539.09,238.91 539.09,238.91
             539.09,238.91 542.00,238.91 542.00,238.91
             542.00,238.91 543.27,246.18 543.27,246.18
             543.27,246.18 547.45,246.91 547.45,246.91
             547.45,246.91 548.55,238.18 548.55,238.18
             548.55,238.18 554.55,231.64 554.55,231.64
             554.55,231.64 560.55,232.00 560.55,232.18
             560.55,232.36 561.09,236.91 561.27,236.91
             561.45,236.91 565.64,236.91 565.64,236.91
             565.64,236.91 560.18,225.45 560.18,225.45
             560.18,225.45 562.18,224.36 562.18,224.36
             562.18,224.36 567.45,226.73 567.45,226.73
             567.45,226.73 563.09,218.18 563.09,218.18
             563.09,218.18 568.55,218.18 568.55,218.18
             568.55,218.18 569.27,222.73 569.27,222.73
             569.27,222.73 584.55,222.73 584.55,222.73M 609.27,262.36
           C 609.27,262.36 618.36,268.00 618.36,268.00
             618.36,268.00 618.55,271.45 618.36,271.45
             618.18,271.45 615.27,273.09 615.27,273.09
             615.27,273.09 609.27,269.82 609.27,269.82
             609.27,269.82 608.73,262.73 608.73,262.73M 524.55,265.27
           C 524.55,265.27 521.64,250.91 521.64,250.91
             521.64,250.91 518.73,253.27 518.73,253.27
             518.73,253.27 514.55,250.73 514.55,250.73
             514.55,250.73 504.18,254.73 504.18,254.73
             504.18,254.73 505.45,264.36 505.45,264.36
             505.45,264.36 509.82,270.36 510.00,270.36
             510.18,270.36 520.18,271.82 520.18,271.82
             520.18,271.82 524.55,265.09 524.55,265.09M 527.45,267.82
           C 527.45,267.82 527.09,273.64 527.09,273.64
             527.09,273.64 523.82,283.82 523.64,283.82
             523.45,283.82 520.91,278.18 520.91,278.18
             520.91,278.18 527.45,268.00 527.45,268.00M 508.18,278.73
           C 508.18,278.73 503.45,272.18 503.45,272.18
             503.45,272.18 496.00,273.27 496.00,273.27
             496.00,273.27 499.45,274.00 499.45,274.18
             499.45,274.36 500.00,278.00 500.00,278.00
             500.00,278.00 508.55,278.91 508.55,278.91" />
</svg>
