<?xml version="1.0" encoding="UTF-8" standalone="no"?>
<!DOCTYPE svg PUBLIC "-//W3C//DTD SVG 20010904//EN"
              "http://www.w3.org/TR/2001/REC-SVG-20010904/DTD/svg10.dtd">

<svg xmlns="http://www.w3.org/2000/svg"
     width="16.5972in" height="13.0417in"
     viewBox="0 0 1195 939">
  <path id="Unknown033"
        fill="none" stroke="black" stroke-width="1"
        d="M 178.00,241.67
           C 178.00,241.67 186.00,235.00 186.00,235.00
             186.00,235.00 189.00,236.33 189.00,236.33
             189.00,236.33 184.67,241.33 184.67,241.33
             184.67,241.33 184.33,249.67 184.33,249.67
             184.33,249.67 190.67,254.67 190.67,254.67
             190.67,254.67 200.33,255.33 200.67,255.33
             201.00,255.33 212.00,251.00 211.67,251.00
             211.33,251.00 212.67,256.67 212.67,256.67
             212.67,256.67 206.67,262.33 206.67,262.67
             206.67,263.00 199.33,279.00 199.33,279.00
             199.33,279.00 200.67,282.33 200.67,282.33
             200.67,282.33 215.00,275.00 215.33,275.00
             215.67,275.00 225.00,274.67 225.00,274.67
             225.00,274.67 215.67,281.33 215.67,281.33
             215.67,281.33 213.67,290.33 213.67,290.33
             213.67,290.33 215.33,298.00 215.33,298.00
             215.33,298.00 222.00,306.33 222.00,306.33
             222.00,306.33 228.00,304.00 228.00,304.00
             228.00,304.00 229.67,308.00 229.67,308.00
             229.67,308.00 244.00,317.33 244.00,317.33
             244.00,317.33 241.00,294.67 241.00,294.67
             241.00,294.67 237.00,278.33 237.00,278.33
             237.00,278.33 242.33,272.33 242.33,272.33
             242.33,272.33 248.00,274.67 248.00,274.67
             248.00,274.67 245.67,269.00 245.67,269.00
             245.67,269.00 257.00,261.67 257.00,261.67
             257.00,261.67 255.33,252.00 255.33,252.00
             255.33,252.00 249.67,247.33 249.67,247.33
             249.67,247.33 242.67,239.00 242.67,239.00
             242.67,239.00 232.00,235.33 232.00,235.33
             232.00,235.33 226.67,238.00 226.67,238.00
             226.67,238.00 216.00,237.67 215.67,237.67
             215.33,237.67 210.00,233.33 210.00,233.33
             210.00,233.33 213.67,232.33 213.67,232.33
             213.67,232.33 220.33,234.00 220.33,234.00
             220.33,234.00 225.00,227.33 225.00,227.33
             225.00,227.33 231.67,228.33 231.67,228.33
             231.67,228.33 233.33,224.00 233.33,224.00
             233.33,224.00 228.67,220.67 228.67,220.67
             228.67,220.67 222.67,221.33 222.67,221.33
             222.67,221.33 224.67,217.00 224.67,217.00
             224.67,217.00 232.00,216.00 232.00,216.00
             232.00,216.00 239.33,206.33 239.33,206.33
             239.33,206.33 242.33,199.00 242.33,199.00
             242.33,199.00 245.67,187.33 245.67,187.33
             245.67,187.33 253.00,178.33 253.00,178.33
             253.00,178.33 247.33,169.00 247.33,169.00
             247.33,169.00 242.67,170.67 242.67,170.67
             242.67,170.67 225.67,170.00 225.33,170.33
             225.00,170.67 218.67,169.33 218.67,169.33
             218.67,169.33 204.00,176.00 204.00,176.00
             204.00,176.00 200.33,175.33 200.33,175.33
             200.33,175.33 207.00,164.33 207.00,164.33
             207.00,164.33 202.67,165.00 202.67,165.00
             202.67,165.00 204.33,157.33 204.33,157.33
             204.33,157.33 223.00,142.67 223.00,142.67
             223.00,142.67 225.00,132.00 225.00,132.00
             225.00,132.00 219.67,130.00 219.33,130.00
             219.00,130.00 207.00,134.00 207.00,134.00
             207.00,134.00 195.00,136.67 195.00,136.67
             195.00,136.67 194.67,133.00 194.67,133.00
             194.67,133.00 190.00,136.00 190.00,136.00
             190.00,136.00 184.67,132.67 184.67,132.67
             184.67,132.67 181.00,139.00 181.00,139.00
             181.00,139.00 184.33,147.67 184.33,147.67
             184.33,147.67 177.00,147.33 176.67,147.33
             176.33,147.33 174.00,155.00 174.00,155.00
             174.00,155.00 181.33,162.67 181.33,162.67
             181.33,162.67 169.67,162.67 169.67,162.67
             169.67,162.67 168.33,172.67 168.33,172.67
             168.33,172.67 171.67,175.00 172.00,175.00
             172.33,175.00 167.00,179.67 167.00,179.67
             167.00,179.67 173.67,188.33 173.67,188.33
             173.67,188.33 165.33,200.67 165.33,200.67
             165.33,200.67 168.33,203.67 168.33,203.67
             168.33,203.67 158.00,208.67 158.00,208.67
             158.00,208.67 165.33,214.33 165.67,214.33
             166.00,214.33 161.00,211.33 160.33,211.33
             159.67,211.33 155.00,213.00 155.00,213.00
             155.00,213.00 158.33,217.67 158.33,217.67
             158.33,217.67 157.67,221.67 157.67,221.67
             157.67,221.67 154.00,225.67 154.00,225.67
             154.00,225.67 166.67,224.00 166.67,223.67
             166.67,223.33 167.00,216.33 167.00,216.33
             167.00,216.33 178.67,206.00 178.67,206.33
             178.67,206.67 172.33,221.67 172.33,221.67
             172.33,221.67 169.67,241.67 169.67,241.67
             169.67,241.67 168.33,252.00 168.33,252.00
             168.33,252.00 172.33,253.00 172.33,253.00
             172.33,253.00 175.00,246.67 175.00,246.67
             175.00,246.67 173.67,233.33 173.67,233.33
             173.67,233.33 177.33,233.00 177.33,233.00
             177.33,233.00 178.33,241.67 178.33,241.67M 151.33,154.00
           C 151.33,154.00 155.00,147.33 155.00,147.33
             155.00,147.33 157.00,136.67 157.00,136.67
             157.00,136.67 145.33,144.00 145.67,144.00
             146.00,144.00 145.33,148.67 145.33,148.67
             145.33,148.67 139.00,146.67 139.00,146.67
             139.00,146.67 137.00,152.67 137.00,153.33
             137.00,154.00 141.00,161.00 141.00,161.00
             141.00,161.00 137.00,165.33 137.00,165.33
             137.00,165.33 140.67,168.33 140.67,168.33
             140.67,168.33 146.67,162.00 146.67,162.00
             146.67,162.00 151.67,154.67 151.67,154.67M 128.33,172.33
           C 128.33,172.33 135.00,169.33 135.00,169.33
             135.00,169.33 138.67,172.33 138.67,172.33
             138.67,172.33 137.00,177.33 137.00,177.33
             137.00,177.33 128.67,172.67 128.67,172.67M 143.67,180.00
           C 143.67,180.00 147.33,174.00 147.33,174.00
             147.33,174.00 153.00,173.33 153.00,173.33
             153.00,173.33 155.00,170.33 155.00,170.33
             155.00,170.33 157.67,174.00 157.67,174.00
             157.67,174.00 158.00,184.33 158.00,184.33
             158.00,184.33 168.33,187.33 168.33,187.33
             168.33,187.33 162.67,196.33 162.67,196.33
             162.67,196.33 160.00,190.67 160.00,190.67
             160.00,190.67 154.67,191.00 154.67,190.67
             154.67,190.33 151.33,184.67 151.33,184.67
             151.33,184.67 144.33,180.33 144.33,180.33M 131.33,181.67
           C 131.33,181.67 135.00,181.67 135.00,181.67
             135.00,181.67 135.00,194.00 135.00,194.00
             135.00,194.00 131.33,194.00 131.33,194.00
             131.33,194.00 131.33,181.67 131.33,181.67M 167.00,231.67
           C 167.00,231.67 166.00,238.00 166.00,238.00
             166.00,238.00 160.67,244.33 160.67,244.33
             160.67,244.33 161.67,248.67 161.67,248.67
             161.67,248.67 154.67,251.00 154.67,251.00
             154.67,251.00 154.00,244.33 154.00,244.33
             154.00,244.33 150.33,247.00 150.33,247.00
             150.33,247.00 150.33,240.67 150.33,240.67
             150.33,240.67 158.00,237.00 158.00,237.00
             158.00,237.00 160.67,239.33 160.67,239.33
             160.67,239.33 163.00,233.33 163.00,233.33
             163.00,233.33 167.33,232.00 167.33,232.00" />
</svg>
