<?xml version="1.0" encoding="UTF-8" standalone="no"?>
<!DOCTYPE svg PUBLIC "-//W3C//DTD SVG 20010904//EN"
              "http://www.w3.org/TR/2001/REC-SVG-20010904/DTD/svg10.dtd">

<svg xmlns="http://www.w3.org/2000/svg"
     width="16.5972in" height="13.0417in"
     viewBox="0 0 1195 939">
  <path id="Unknown022"
        fill="none" stroke="black" stroke-width="1"
        d="M 778.73,168.18
           C 778.73,168.18 781.45,175.27 781.45,175.27
             781.45,175.27 789.64,180.91 789.64,180.91
             789.64,180.91 793.45,192.91 793.45,192.91
             793.45,192.91 801.64,197.27 801.64,197.27
             801.64,197.27 807.27,197.27 807.27,197.27
             807.27,197.27 816.91,188.00 816.91,188.00
             816.91,188.00 817.09,171.82 817.09,171.82
             817.09,171.82 815.45,161.45 815.45,161.45
             815.45,161.45 820.55,149.64 820.55,149.64
             820.55,149.64 832.73,143.45 832.73,143.45
             832.73,143.45 840.18,142.55 840.18,142.55
             840.18,142.55 846.00,149.45 846.00,149.45
             846.00,149.45 850.91,150.18 851.09,150.36
             851.27,150.55 860.91,163.82 860.91,163.82
             860.91,163.82 865.27,161.64 865.45,161.64
             865.64,161.64 883.09,165.64 883.09,165.64
             883.09,165.64 888.73,175.27 888.73,175.27
             888.73,175.27 890.00,188.18 890.00,188.18
             890.00,188.18 894.91,204.00 894.91,204.00
             894.91,204.00 884.73,208.55 884.73,208.55
             884.73,208.55 880.18,211.64 880.18,211.64
             880.18,211.64 878.55,216.73 878.55,216.73
             878.55,216.73 882.18,218.55 882.18,218.55
             882.18,218.55 890.00,221.09 890.00,221.27
             890.00,221.45 889.82,230.00 890.00,230.00
             890.18,230.00 887.09,234.91 886.91,234.91
             886.73,234.91 891.27,237.45 891.27,237.45
             891.27,237.45 895.82,253.45 895.82,253.45
             895.82,253.45 889.09,251.45 889.09,251.45
             889.09,251.45 886.00,254.73 886.00,254.73
             886.00,254.73 881.27,254.18 881.27,254.18
             881.27,254.18 878.73,258.18 878.55,258.18
             878.36,258.18 860.36,260.73 860.36,260.73
             860.36,260.73 854.36,256.91 854.36,256.91
             854.36,256.91 848.73,261.27 848.73,261.27
             848.73,261.27 837.45,263.09 837.45,263.09
             837.45,263.09 810.91,254.73 810.91,254.73
             810.91,254.73 806.00,254.00 806.18,254.00
             806.36,254.00 804.73,258.91 804.73,258.91
             804.73,258.91 800.73,265.09 800.73,265.09
             800.73,265.09 793.27,270.73 793.27,270.73
             793.27,270.73 788.36,265.27 788.36,265.27
             788.36,265.27 781.82,268.73 781.82,268.73
             781.82,268.73 770.55,270.36 770.55,270.36
             770.55,270.36 766.55,274.00 766.55,274.00
             766.55,274.00 759.45,272.18 759.45,272.18
             759.45,272.18 753.27,268.55 753.27,268.55
             753.27,268.55 749.27,257.82 749.27,257.82
             749.27,257.82 748.91,252.18 748.91,252.18
             748.91,252.18 745.82,243.82 745.82,243.82
             745.82,243.82 744.18,226.18 744.18,226.18
             744.18,226.18 745.27,203.27 745.45,203.27
             745.64,203.27 752.00,195.82 752.00,195.82
             752.00,195.82 752.55,186.55 752.55,186.55
             752.55,186.55 759.64,173.27 759.64,173.27
             759.64,173.27 778.73,168.18 778.73,168.18" />
</svg>
