<?xml version="1.0" encoding="UTF-8" standalone="no"?>
<!DOCTYPE svg PUBLIC "-//W3C//DTD SVG 20010904//EN"
              "http://www.w3.org/TR/2001/REC-SVG-20010904/DTD/svg10.dtd">

<svg xmlns="http://www.w3.org/2000/svg"
     width="16.5972in" height="13.0417in"
     viewBox="0 0 1195 939">
  <path id="Sem nome"
        fill="none" stroke="black" stroke-width="1"
        d="M 239.27,700.55
           C 239.27,700.55 251.45,712.18 251.45,712.73
             251.45,713.27 247.45,722.91 247.45,722.91
             247.45,722.91 253.27,723.27 253.27,723.27
             253.27,723.27 261.64,730.18 261.64,731.27
             261.64,732.36 256.55,743.64 256.55,743.64
             256.55,743.64 264.00,751.09 264.00,751.09
             264.00,751.09 273.27,754.36 273.27,754.36
             273.27,754.36 276.18,743.27 276.18,743.27
             276.18,743.27 279.09,740.36 279.45,740.36
             279.82,740.36 297.64,749.64 297.82,749.64
             298.00,749.64 303.45,740.00 303.45,740.00
             303.45,740.00 311.27,737.45 311.27,737.45
             311.27,737.45 306.00,734.36 306.00,734.36
             306.00,734.36 314.55,726.73 314.55,726.73
             314.55,726.73 336.00,721.27 336.00,721.27
             336.00,721.27 359.64,704.18 359.64,704.18
             359.64,704.18 361.82,697.82 361.64,697.82
             361.45,697.82 358.91,694.00 358.91,694.00
             358.91,694.00 363.27,690.18 363.27,690.18
             363.27,690.18 356.73,678.00 356.73,678.00
             356.73,678.00 360.00,667.27 360.00,667.27
             360.00,667.27 377.45,653.27 377.45,653.27
             377.45,653.27 391.09,659.82 391.09,659.82
             391.09,659.82 400.55,658.36 400.55,658.36
             400.55,658.36 418.91,668.00 418.91,668.00
             418.91,668.00 432.55,665.64 432.55,665.64
             432.55,665.64 451.64,648.55 451.64,648.55
             451.64,648.55 464.00,644.91 464.00,644.91
             464.00,644.91 473.27,634.36 473.27,634.36
             473.27,634.36 481.45,628.36 481.45,628.36
             481.45,628.36 502.36,638.73 502.36,638.73
             502.36,638.73 510.55,642.91 510.55,642.91
             510.55,642.91 513.64,656.36 513.64,656.36
             513.64,656.36 517.82,661.45 517.82,661.45
             517.82,661.45 518.55,672.00 518.55,672.00
             518.55,672.00 522.91,672.00 522.91,672.00
             522.91,672.00 532.73,684.73 532.73,684.73
             532.73,684.73 531.64,688.55 531.64,688.55
             531.64,688.55 538.55,688.91 538.55,688.91
             538.55,688.91 565.27,716.91 565.27,716.91
             565.27,716.91 568.73,716.55 568.73,716.55
             568.73,716.55 572.36,721.82 572.36,721.82
             572.36,721.82 587.09,721.82 587.09,721.82
             587.09,721.82 594.55,732.36 594.55,732.36
             594.55,732.36 603.45,737.09 603.45,737.09
             603.45,737.09 600.18,740.55 600.18,740.55
             600.18,740.55 610.18,740.00 610.18,740.00
             610.18,740.00 614.36,745.09 614.36,745.09
             614.36,745.09 612.18,750.73 612.18,750.73
             612.18,750.73 620.36,757.09 620.55,757.09
             620.73,757.09 628.18,756.00 628.18,756.00
             628.18,756.00 637.45,776.00 637.45,776.00
             637.45,776.00 637.64,785.27 637.64,785.27
             637.64,785.27 641.64,786.00 641.45,786.36
             641.27,786.73 641.27,792.91 641.27,792.91
             641.27,792.91 635.27,794.00 635.09,794.36
             634.91,794.73 631.09,805.45 630.91,805.45
             630.73,805.45 619.82,807.45 619.82,807.45
             619.82,807.45 608.55,809.45 608.55,809.45
             608.55,809.45 603.82,813.27 603.82,813.27
             603.82,813.27 589.45,813.64 589.45,813.64
             589.45,813.64 580.00,806.55 580.00,806.55
             580.00,806.55 574.18,806.36 574.00,806.55
             573.82,806.73 571.45,810.91 571.45,810.91
             571.45,810.91 566.55,806.36 566.55,806.36
             566.55,806.36 558.36,816.55 558.36,816.55
             558.36,816.55 564.18,825.64 564.36,825.82
             564.55,826.00 571.64,825.82 571.64,825.82
             571.64,825.82 590.36,838.00 590.36,838.00
             590.36,838.00 597.82,837.09 597.82,837.09
             597.82,837.09 606.00,847.64 606.00,847.64
             606.00,847.64 617.82,848.36 617.82,848.36
             617.82,848.36 617.45,843.82 617.45,843.82
             617.45,843.82 622.00,839.27 622.00,839.27
             622.00,839.27 616.36,829.64 616.36,829.64
             616.36,829.64 627.45,807.27 627.45,807.27
             627.45,807.27 630.00,815.82 630.00,815.82
             630.00,815.82 638.36,816.00 638.36,816.00
             638.36,816.00 646.36,803.82 646.36,803.82
             646.36,803.82 648.55,801.45 648.55,801.45
             648.55,801.45 648.55,792.55 648.55,792.55
             648.55,792.55 654.55,788.00 654.55,788.00
             654.55,788.00 659.64,788.36 659.82,788.36
             660.00,788.36 661.27,775.64 661.27,775.64
             661.27,775.64 649.82,767.64 649.82,767.64
             649.82,767.64 648.36,760.36 648.36,760.36
             648.36,760.36 656.36,745.45 656.36,745.45
             656.36,745.45 660.73,743.45 660.73,743.45
             660.73,743.45 665.82,748.91 666.00,748.91
             666.18,748.91 676.00,748.73 676.00,748.91
             676.00,749.09 682.55,762.18 682.55,762.18
             682.55,762.18 686.36,762.91 686.36,762.91
             686.36,762.91 689.09,755.09 689.09,755.09
             689.09,755.09 688.00,749.27 688.00,749.27
             688.00,749.27 683.09,741.82 683.09,741.82
             683.09,741.82 672.36,736.36 672.36,736.36
             672.36,736.36 635.45,715.45 635.45,715.45
             635.45,715.45 635.27,709.64 635.27,709.64
             635.27,709.64 639.45,707.82 639.45,707.82
             639.45,707.82 639.82,702.18 639.82,702.18
             639.82,702.18 618.00,702.73 618.00,702.73
             618.00,702.73 605.82,694.36 605.82,694.36
             605.82,694.36 595.09,683.64 595.09,683.64
             595.09,683.64 590.73,670.18 590.73,670.18
             590.73,670.18 585.27,655.45 585.27,655.45
             585.27,655.45 570.73,643.82 570.91,643.82
             571.09,643.82 563.27,640.36 563.27,640.36
             563.27,640.36 558.73,635.27 558.73,635.27
             558.73,635.27 555.82,617.64 555.82,617.64
             555.82,617.64 559.09,617.27 559.09,617.27
             559.09,617.27 561.82,612.00 561.82,612.00
             561.82,612.00 555.27,603.09 555.27,603.09
             555.27,603.09 555.45,597.45 555.45,597.45
             555.45,597.45 562.36,595.45 562.55,595.45
             562.73,595.45 570.73,592.55 570.73,592.55
             570.73,592.55 574.91,587.45 574.91,587.45
             574.91,587.45 585.27,587.45 585.27,587.45
             585.27,587.45 588.91,590.73 588.91,590.91
             588.91,591.09 585.45,594.36 584.91,594.73
             584.36,595.09 584.00,603.45 584.00,603.45
             584.00,603.45 590.55,616.55 590.73,616.55
             590.91,616.55 597.82,606.73 597.82,606.73
             597.82,606.73 599.45,600.73 599.45,600.73
             599.45,600.73 602.91,600.36 603.09,600.36
             603.27,600.36 608.18,604.73 608.18,604.73
             608.18,604.73 612.00,610.73 612.00,610.73
             612.00,610.73 612.73,618.36 612.73,618.36
             612.73,618.36 613.82,628.00 613.82,628.00
             613.82,628.00 617.09,635.27 617.09,635.27
             617.09,635.27 634.55,652.36 634.55,652.36
             634.55,652.36 636.36,656.18 636.36,656.18
             636.36,656.18 648.91,657.64 648.91,657.64
             648.91,657.64 681.45,678.91 681.45,678.91
             681.45,678.91 690.73,665.09 690.73,665.09
             690.73,665.09 684.73,658.55 684.55,658.55
             684.36,658.55 683.82,655.27 683.82,655.27
             683.82,655.27 689.64,649.45 689.64,649.45
             689.64,649.45 688.91,642.91 688.91,642.91
             688.91,642.91 691.82,640.73 691.82,640.73
             691.82,640.73 692.55,635.82 692.55,635.82
             692.55,635.82 677.64,628.18 677.64,628.00
             677.64,627.82 677.64,619.09 677.64,619.09
             677.64,619.09 685.45,614.00 685.45,614.00
             685.45,614.00 684.55,609.45 684.55,609.45
             684.55,609.45 676.55,606.73 676.55,606.73
             676.55,606.73 675.09,594.18 675.09,594.18
             675.09,594.18 654.91,577.64 654.91,577.64
             654.91,577.64 642.00,565.45 642.00,565.27
             642.00,565.09 639.64,559.09 639.64,559.09
             639.64,559.09 634.91,558.55 634.91,558.55
             634.91,558.55 636.73,553.27 636.73,553.27
             636.73,553.27 636.36,546.00 636.36,546.00
             636.36,546.00 634.55,539.45 634.36,539.45
             634.18,539.45 625.27,534.73 625.27,534.73
             625.27,534.73 617.27,531.27 617.27,531.27
             617.27,531.27 609.45,533.64 609.45,533.64
             609.45,533.64 600.73,534.18 600.73,534.18
             600.73,534.18 597.27,537.09 597.27,537.09
             597.27,537.09 592.55,536.91 592.55,536.91
             592.55,536.91 585.27,534.73 585.27,534.73
             585.27,534.73 584.00,541.82 583.82,541.82
             583.64,541.82 579.27,540.73 579.27,540.73
             579.27,540.73 579.82,534.18 579.64,534.18
             579.45,534.18 574.18,528.00 574.18,528.00
             574.18,528.00 568.73,528.00 568.73,528.00
             568.73,528.00 568.36,534.18 568.36,534.18
             568.36,534.18 570.18,537.09 570.00,537.09
             569.82,537.09 566.18,540.00 566.18,540.00
             566.18,540.00 563.82,535.45 563.82,535.45
             563.82,535.45 551.09,536.91 550.36,536.91
             549.64,536.91 533.82,543.45 533.45,543.45
             533.09,543.45 526.00,541.82 526.00,541.82
             526.00,541.82 524.55,538.18 524.00,538.18
             523.45,538.18 519.64,538.18 519.64,538.18
             519.64,538.18 510.73,530.00 510.73,530.00
             510.73,530.00 506.00,530.73 506.00,530.73
             506.00,530.73 498.73,542.00 498.73,542.00
             498.73,542.00 493.82,542.73 493.82,542.73
             493.82,542.73 488.91,538.36 488.91,538.36
             488.91,538.36 453.27,539.27 453.27,539.27
             453.27,539.27 441.82,541.27 441.82,541.27
             441.82,541.27 439.27,549.64 439.27,549.64
             439.27,549.64 434.91,558.00 434.73,558.00
             434.55,558.00 441.27,558.36 441.27,558.36
             441.27,558.36 443.82,554.55 444.00,554.73
             444.18,554.91 448.00,558.18 448.00,558.18
             448.00,558.18 457.27,558.18 457.27,558.18
             457.27,558.18 460.36,561.45 460.36,561.45
             460.36,561.45 459.82,565.82 459.82,565.82
             459.82,565.82 453.09,573.09 453.09,573.27
             453.09,573.45 444.00,576.36 444.00,576.36
             444.00,576.36 440.73,581.27 440.73,581.27
             440.73,581.27 440.91,584.55 440.91,584.55
             440.91,584.55 444.00,584.73 444.00,584.91
             444.00,585.09 442.73,588.91 442.55,588.91
             442.36,588.91 441.27,593.09 441.27,593.09
             441.27,593.09 443.45,597.45 443.45,597.64
             443.45,597.82 446.55,602.55 446.55,602.55
             446.55,602.55 445.82,612.73 445.82,612.73
             445.82,612.73 442.55,616.00 442.55,616.00
             442.55,616.00 443.45,620.73 443.45,620.73
             443.45,620.73 436.18,630.73 436.18,630.73
             436.18,630.73 430.55,633.09 430.55,633.09
             430.55,633.09 422.55,628.00 422.55,628.00
             422.55,628.00 418.36,631.09 418.36,631.09
             418.36,631.09 404.73,622.36 404.73,622.36
             404.73,622.36 396.36,628.18 396.36,628.18
             396.36,628.18 385.64,628.18 385.64,628.18
             385.64,628.18 381.64,624.55 381.64,624.55
             381.64,624.55 382.73,619.64 382.73,619.64
             382.73,619.64 385.64,612.91 385.64,612.91
             385.64,612.91 377.09,612.55 377.09,612.55
             377.09,612.55 377.09,584.00 377.09,584.00
             377.09,584.00 372.00,582.18 372.00,582.55
             372.00,582.91 366.36,589.27 366.36,589.27
             366.36,589.27 358.00,589.27 357.82,589.27M 357.82,589.82
           C 357.82,589.82 355.27,586.00 355.27,586.00
             355.27,586.00 346.00,586.18 346.00,586.18
             346.00,586.18 344.36,598.91 344.36,598.91
             344.36,598.91 336.55,598.91 336.55,598.91
             336.55,598.91 334.73,593.45 334.73,593.82
             334.73,594.18 336.55,588.36 336.73,588.36
             336.91,588.36 327.82,578.00 328.00,578.00
             328.18,578.00 319.09,574.73 319.09,574.73
             319.09,574.73 310.73,580.00 310.73,580.18
             310.73,580.36 310.55,588.18 310.55,588.18
             310.55,588.18 315.09,592.91 315.09,592.91
             315.09,592.91 315.64,609.45 315.64,609.64
             315.64,609.82 310.73,618.18 310.73,618.18
             310.73,618.18 326.91,621.82 326.91,621.82
             326.91,621.82 341.82,628.00 341.82,628.00
             341.82,628.00 341.82,632.18 341.82,632.18
             341.82,632.18 338.91,633.45 338.91,633.45
             338.91,633.45 339.09,638.00 339.09,638.00
             339.09,638.00 346.55,643.45 346.36,643.45
             346.18,643.45 350.00,650.55 350.00,650.55
             350.00,650.55 348.00,656.55 347.82,656.55
             347.64,656.55 342.55,660.36 342.18,660.55
             341.82,660.73 338.00,666.91 338.00,666.91
             338.00,666.91 336.73,673.27 336.73,673.27
             336.73,673.27 340.55,677.82 340.18,678.55
             339.82,679.27 333.82,688.18 333.82,688.18
             333.82,688.18 328.00,688.91 328.00,688.91
             328.00,688.91 320.18,683.64 320.18,683.64
             320.18,683.64 310.73,684.55 310.73,684.55
             310.73,684.55 304.55,678.55 304.55,678.55
             304.55,678.55 284.73,678.18 284.73,678.18
             284.73,678.18 283.82,681.64 283.82,681.64
             283.82,681.64 280.73,683.82 280.73,683.82
             280.73,683.82 268.00,681.82 268.00,682.36
             268.00,682.91 262.91,692.55 262.91,692.55
             262.91,692.55 260.18,694.73 260.18,694.73
             260.18,694.73 254.55,689.45 254.55,689.45
             254.55,689.45 246.91,691.09 246.91,691.27
             246.91,691.45 243.27,694.73 243.27,694.73
             243.27,694.73 239.45,700.73 239.45,700.73M 492.91,672.91
           C 492.91,672.91 492.55,680.36 492.36,680.36
             492.18,680.36 478.18,684.73 478.18,684.91
             478.18,685.09 477.82,697.27 477.82,697.27
             477.82,697.27 478.73,709.27 478.73,709.27
             478.73,709.27 481.45,709.64 481.45,709.64
             481.45,709.64 481.45,713.64 481.45,713.64
             481.45,713.64 488.36,718.73 488.36,718.73
             488.36,718.73 492.36,715.45 492.36,715.45
             492.36,715.45 494.00,707.82 494.00,707.82
             494.00,707.82 494.18,702.18 494.18,702.18
             494.18,702.18 499.09,698.73 499.09,698.73
             499.09,698.73 497.82,684.55 497.82,684.55
             497.82,684.55 495.64,672.55 495.64,672.55
             495.64,672.55 493.09,673.27 493.09,673.27M 468.18,732.91
           C 468.00,733.09 468.36,741.09 468.36,741.09
             468.36,741.09 473.45,748.73 473.45,748.91
             473.45,749.09 473.27,754.91 473.27,754.91
             473.27,754.91 471.64,756.00 471.64,756.36
             471.64,756.73 471.64,761.82 471.64,761.82
             471.64,761.82 475.09,761.27 475.09,761.27
             475.09,761.27 474.18,763.82 474.18,763.82
             474.18,763.82 472.18,766.36 472.18,766.36
             472.18,766.36 473.09,771.45 472.91,771.45
             472.73,771.45 472.55,779.64 472.55,779.64
             472.55,779.64 476.36,787.27 476.36,787.27
             476.36,787.27 483.45,788.18 483.45,788.18
             483.45,788.18 487.27,778.73 487.27,778.73
             487.27,778.73 496.00,782.00 496.18,782.00
             496.36,782.00 498.36,778.73 498.36,778.73
             498.36,778.73 500.55,754.73 500.55,754.73
             500.55,754.73 498.36,750.18 498.36,750.18
             498.36,750.18 502.36,745.45 502.36,745.45
             502.36,745.45 501.27,736.91 501.27,736.91
             501.27,736.91 497.82,731.82 497.82,731.82
             497.82,731.82 497.09,728.18 497.09,728.18
             497.09,728.18 490.36,724.18 490.36,724.18
             490.36,724.18 482.73,728.00 482.73,728.00
             482.73,728.00 480.00,731.27 480.00,731.27
             480.00,731.27 475.09,733.64 475.09,733.64
             475.09,733.64 468.18,733.09 468.18,733.09" />
</svg>
