<?xml version="1.0" encoding="UTF-8" standalone="no"?>
<!DOCTYPE svg PUBLIC "-//W3C//DTD SVG 20010904//EN"
              "http://www.w3.org/TR/2001/REC-SVG-20010904/DTD/svg10.dtd">

<svg xmlns="http://www.w3.org/2000/svg"
     width="16.5972in" height="13.0417in"
     viewBox="0 0 1195 939">
  <path id="Unknown018"
        fill="none" stroke="black" stroke-width="1"
        d="M 569.64,217.45
           C 569.64,217.45 569.64,211.45 569.64,211.45
             569.64,211.45 566.18,211.45 566.18,211.45
             566.18,211.45 551.64,179.82 551.64,179.82
             551.64,179.82 547.82,170.36 547.64,170.36
             547.45,170.36 543.82,167.82 543.82,167.82
             543.82,167.82 544.00,160.00 544.00,160.00
             544.00,160.00 552.73,158.18 552.73,158.00
             552.73,157.82 561.45,142.18 561.45,142.18
             561.45,142.18 587.09,128.36 587.09,128.36
             587.09,128.36 596.91,136.91 596.91,136.91
             596.91,136.91 597.45,165.09 597.45,165.09
             597.45,165.09 606.55,163.82 606.55,163.82
             606.55,163.82 609.09,170.55 609.09,170.55
             609.09,170.55 614.91,168.73 614.91,168.73
             614.91,168.73 622.91,168.36 622.91,168.36
             622.91,168.36 621.64,165.27 621.64,165.27
             621.64,165.27 631.09,157.27 631.09,157.27
             631.09,157.27 637.82,156.18 637.82,156.18
             637.82,156.18 644.36,160.91 644.36,161.27
             644.36,161.64 648.00,163.09 648.00,163.09
             648.00,163.09 648.36,172.91 648.36,172.91
             648.36,172.91 651.45,177.64 651.45,177.64
             651.45,177.64 646.00,186.00 646.00,186.36
             646.00,186.73 647.45,197.64 647.45,197.82
             647.45,198.00 638.00,221.09 638.00,221.09
             638.00,221.09 637.27,226.73 637.27,226.73
             637.27,226.73 632.91,232.00 632.91,232.00
             632.91,232.00 627.45,229.09 627.45,229.09
             627.45,229.09 622.18,230.91 622.18,230.91
             622.18,230.91 608.18,230.00 608.18,230.00
             608.18,230.00 607.82,234.18 607.82,234.36
             607.82,234.55 604.91,233.64 604.91,233.64
             604.91,233.64 600.18,238.55 600.18,238.55
             600.18,238.55 597.45,244.36 597.45,244.36
             597.45,244.36 588.91,235.09 588.91,235.09
             588.91,235.09 585.82,221.45 585.82,221.45
             585.82,221.45 571.27,222.00 571.27,222.00
             571.27,222.00 569.64,217.45 569.64,217.45" />
</svg>
