<?xml version="1.0" encoding="UTF-8" standalone="no"?>
<!DOCTYPE svg PUBLIC "-//W3C//DTD SVG 20010904//EN"
              "http://www.w3.org/TR/2001/REC-SVG-20010904/DTD/svg10.dtd">

<svg xmlns="http://www.w3.org/2000/svg"
     width="16.5972in" height="13.0417in"
     viewBox="0 0 1195 939">
  <path id="Unknown010"
        fill="none" stroke="black" stroke-width="1"
        d="M 543.45,509.27
           C 543.45,509.27 550.36,495.82 550.73,495.82
             551.09,495.82 554.73,499.09 554.91,499.09
             555.09,499.09 558.36,497.82 558.36,497.82
             558.36,497.82 566.36,498.73 566.36,498.73
             566.36,498.73 570.18,495.45 570.18,495.45
             570.18,495.45 569.09,486.73 569.09,486.73
             569.09,486.73 563.09,482.91 563.09,482.91
             563.09,482.91 558.55,478.00 558.55,478.00
             558.55,478.00 558.55,467.09 558.55,467.09
             558.55,467.09 575.45,467.82 575.45,467.82
             575.45,467.82 584.00,460.00 584.18,460.00
             584.36,460.00 589.64,460.55 589.64,460.55
             589.64,460.55 608.55,448.73 608.55,448.73
             608.55,448.73 615.82,448.36 615.82,448.36
             615.82,448.36 615.82,450.91 615.45,450.91
             615.09,450.91 613.45,453.64 613.27,454.36
             613.09,455.09 618.73,459.82 618.91,459.82
             619.09,459.82 621.82,471.64 621.64,471.82
             621.45,472.00 616.55,472.00 616.55,472.18
             616.55,472.36 614.91,477.27 615.27,477.45
             615.64,477.64 620.73,479.27 620.55,479.64
             620.36,480.00 616.00,488.91 616.00,488.91
             616.00,488.91 627.09,500.73 627.09,500.73
             627.09,500.73 626.73,514.73 626.73,514.73
             626.73,514.73 623.09,515.09 623.09,515.09
             623.09,515.09 621.82,519.27 621.82,519.27
             621.82,519.27 618.18,521.09 618.00,521.09
             617.82,521.09 613.64,520.18 613.09,520.18
             612.55,520.18 607.45,523.82 607.27,523.82
             607.09,523.82 603.82,518.73 603.64,518.73
             603.45,518.73 601.09,519.09 601.09,519.09
             601.09,519.09 600.36,522.91 600.55,522.91
             600.73,522.91 606.55,529.09 606.55,529.09
             606.55,529.09 606.36,534.00 606.36,534.00
             606.36,534.00 600.91,533.82 600.91,533.82
             600.91,533.82 596.73,537.09 596.73,537.09
             596.73,537.09 593.27,537.09 593.27,537.09
             593.27,537.09 590.00,534.55 590.00,534.55
             590.00,534.55 584.00,534.55 584.00,534.55
             584.00,534.55 583.82,540.91 583.82,540.91
             583.82,540.91 579.09,540.36 579.09,540.36
             579.09,540.36 579.09,533.09 579.09,533.09
             579.09,533.09 575.27,531.45 575.27,531.45
             575.27,531.45 575.27,526.91 575.27,526.91
             575.27,526.91 567.64,525.82 567.64,525.82
             567.64,525.82 566.91,523.64 566.91,523.64
             566.91,523.64 569.45,521.64 569.45,521.45
             569.45,521.27 569.64,518.73 569.64,518.73
             569.64,518.73 566.55,513.64 565.82,513.45
             565.09,513.27 559.45,509.09 559.27,509.09
             559.09,509.09 552.91,508.00 552.91,508.00
             552.91,508.00 543.45,509.45 543.45,509.45" />
</svg>
