<?xml version="1.0" encoding="UTF-8" standalone="no"?>
<!DOCTYPE svg PUBLIC "-//W3C//DTD SVG 20010904//EN"
              "http://www.w3.org/TR/2001/REC-SVG-20010904/DTD/svg10.dtd">

<svg xmlns="http://www.w3.org/2000/svg"
     width="16.5972in" height="13.0417in"
     viewBox="0 0 1195 939">
  <path id="Unknown030"
        fill="none" stroke="black" stroke-width="1"
        d="M 191.00,355.33
           C 191.00,355.33 202.33,351.00 202.33,351.00
             202.33,351.00 205.33,363.33 205.33,363.33
             205.33,363.33 203.00,370.67 203.00,370.67
             203.00,370.67 197.33,376.00 197.00,376.00
             196.67,376.00 180.67,383.00 180.67,383.00
             180.67,383.00 177.67,387.67 177.67,387.67
             177.67,387.67 181.00,389.00 181.00,389.00
             181.00,389.00 181.00,393.67 181.00,393.67
             181.00,393.67 185.33,395.33 185.33,395.33
             185.33,395.33 192.67,391.00 192.67,391.00
             192.67,391.00 204.67,395.00 204.67,395.00
             204.67,395.00 199.33,397.33 199.33,397.33
             199.33,397.33 207.67,397.67 207.67,397.67
             207.67,397.67 213.00,401.67 213.00,402.00
             213.00,402.33 220.33,404.00 220.33,404.00
             220.33,404.00 227.33,398.33 227.33,398.33
             227.33,398.33 232.33,398.33 232.67,398.33
             233.00,398.33 237.67,393.00 237.67,393.00
             237.67,393.00 241.67,395.67 241.67,395.67
             241.67,395.67 247.33,388.67 247.33,388.67
             247.33,388.67 261.33,389.33 261.33,389.33
             261.33,389.33 267.33,386.67 267.33,386.67
             267.33,386.67 280.67,396.67 280.67,397.00
             280.67,397.33 278.67,402.33 278.67,402.33
             278.67,402.33 287.00,407.67 287.00,407.67
             287.00,407.67 292.67,410.00 292.67,410.00
             292.67,410.00 300.00,409.33 300.00,409.33
             300.00,409.33 306.67,404.00 306.67,404.00
             306.67,404.00 302.00,401.33 302.00,401.33
             302.00,401.33 309.67,398.00 309.67,398.00
             309.67,398.00 310.67,394.00 310.67,394.00
             310.67,394.00 295.33,389.00 295.33,389.00
             295.33,389.00 295.00,379.00 295.00,379.00
             295.00,379.00 304.00,374.00 304.00,374.00
             304.00,374.00 297.67,358.33 297.67,358.33
             297.67,358.33 283.33,356.33 283.33,356.33
             283.33,356.33 283.33,352.33 283.33,352.33
             283.33,352.33 276.67,346.33 276.67,346.33
             276.67,346.33 273.33,329.00 273.33,329.00
             273.33,329.00 265.33,321.00 265.33,321.00
             265.33,321.00 283.67,303.00 283.67,303.00
             283.67,303.00 279.67,295.67 279.67,295.67
             279.67,295.67 272.67,290.00 272.67,290.00
             272.67,290.00 266.67,298.33 266.67,298.33
             266.67,298.33 258.00,298.67 258.00,298.67
             258.00,298.67 254.00,284.33 254.00,284.33
             254.00,284.33 248.00,273.67 248.00,273.67
             248.00,273.67 243.33,272.67 243.33,272.67
             243.33,272.67 237.67,277.00 237.67,277.33
             237.67,277.67 239.33,289.67 240.00,290.67
             240.67,291.67 243.33,306.33 243.33,306.67
             243.33,307.00 244.67,317.00 244.67,317.00
             244.67,317.00 230.00,308.00 230.00,307.67
             230.00,307.33 224.67,316.67 224.67,316.67
             224.67,316.67 227.33,320.00 227.67,320.33
             228.00,320.67 225.33,326.67 225.33,326.67
             225.33,326.67 223.67,332.33 223.67,332.33
             223.67,332.33 223.67,335.67 223.67,336.00
             223.67,336.33 218.67,334.33 218.67,334.33
             218.67,334.33 214.33,336.33 214.33,336.33
             214.33,336.33 205.00,337.33 205.00,337.33
             205.00,337.33 198.67,333.00 198.67,333.00
             198.67,333.00 193.33,334.67 193.33,334.67
             193.33,334.67 194.00,340.67 194.00,340.67
             194.00,340.67 199.00,343.67 199.00,343.67
             199.00,343.67 192.33,350.33 192.33,350.33
             192.33,350.33 190.67,356.00 190.67,356.00" />
</svg>
