<?xml version="1.0" encoding="UTF-8" standalone="no"?>
<!DOCTYPE svg PUBLIC "-//W3C//DTD SVG 20010904//EN"
              "http://www.w3.org/TR/2001/REC-SVG-20010904/DTD/svg10.dtd">

<svg xmlns="http://www.w3.org/2000/svg"
     width="16.5972in" height="13.0417in"
     viewBox="0 0 1195 939">
  <path id="Unknown019"
        fill="none" stroke="black" stroke-width="1"
        d="M 662.18,13.27
           C 662.18,13.27 664.36,45.64 664.36,45.64
             664.36,45.64 671.09,45.45 671.09,45.64
             671.09,45.82 672.91,50.73 672.91,50.73
             672.91,50.73 678.55,46.91 678.55,46.91
             678.55,46.91 681.45,55.27 681.45,55.27
             681.45,55.27 690.18,58.18 690.18,58.36
             690.18,58.55 691.64,67.45 691.64,67.45
             691.64,67.45 696.73,68.73 696.73,68.73
             696.73,68.73 700.73,82.18 700.73,82.18
             700.73,82.18 692.91,90.36 692.91,90.36
             692.91,90.36 679.09,99.09 679.09,99.09
             679.09,99.09 674.18,98.55 674.18,98.55
             674.18,98.55 674.55,89.45 674.55,89.45
             674.55,89.45 671.82,92.36 671.82,92.36
             671.82,92.36 666.91,89.82 666.91,89.82
             666.91,89.82 665.82,93.82 665.82,93.82
             665.82,93.82 662.00,91.27 662.00,91.27
             662.00,91.27 650.36,90.36 650.36,90.36
             650.36,90.36 634.91,95.82 634.91,95.82
             634.91,95.82 643.64,97.64 643.64,97.64
             643.64,97.64 656.00,97.64 656.00,97.64
             656.00,97.64 664.00,104.18 664.00,104.18
             664.00,104.18 678.73,104.00 678.73,104.00
             678.73,104.00 690.18,99.27 690.18,99.27
             690.18,99.27 692.36,101.82 692.55,101.82
             692.73,101.82 687.82,103.82 687.82,103.82
             687.82,103.82 686.91,109.45 686.91,109.45
             686.91,109.45 674.00,118.36 674.00,118.36
             674.00,118.36 657.27,130.36 657.27,130.36
             657.27,130.36 643.82,129.09 643.82,129.09
             643.82,129.09 640.36,131.45 640.36,131.45
             640.36,131.45 650.91,132.00 651.09,132.00
             651.27,132.00 656.91,135.27 656.91,135.45
             656.91,135.64 650.73,139.27 650.73,139.27
             650.73,139.27 653.09,147.27 653.09,147.27
             653.09,147.27 651.27,160.18 651.27,160.36
             651.27,160.55 646.00,162.55 646.00,162.55
             646.00,162.55 637.64,155.45 637.64,155.45
             637.64,155.45 631.64,157.45 631.64,157.45
             631.64,157.45 624.73,160.55 624.73,160.55
             624.73,160.55 623.45,167.64 623.45,167.64
             623.45,167.64 618.91,167.09 618.91,167.09
             618.91,167.09 608.55,171.27 608.55,171.27
             608.55,171.27 608.00,164.55 608.00,164.55
             608.00,164.55 597.09,164.73 596.73,164.73
             596.36,164.73 596.73,136.73 596.73,136.73
             596.73,136.73 586.00,127.45 586.00,127.45
             586.00,127.45 582.91,110.55 583.09,110.55
             583.27,110.55 588.91,100.55 588.91,100.55
             588.91,100.55 597.82,100.73 597.82,100.73
             597.82,100.73 604.55,93.82 604.55,93.82
             604.55,93.82 598.00,88.00 598.00,88.00
             598.00,88.00 582.91,86.55 582.91,86.55
             582.91,86.55 577.82,80.73 577.82,80.73
             577.82,80.73 563.09,68.36 563.09,68.36
             563.09,68.36 551.64,46.55 551.64,46.55
             551.64,46.55 553.64,37.27 553.45,37.27
             553.27,37.27 560.55,29.27 560.55,29.27
             560.55,29.27 577.82,19.09 577.82,19.09
             577.82,19.09 589.09,25.45 589.09,25.45
             589.09,25.45 595.27,27.09 595.27,27.09
             595.27,27.09 598.55,36.91 598.73,36.91
             598.91,36.91 604.91,41.64 605.27,41.64
             605.64,41.64 617.82,24.18 617.82,24.18
             617.82,24.18 632.18,16.00 632.18,16.00
             632.18,16.00 642.91,6.73 642.91,6.73
             642.91,6.73 649.45,4.18 649.45,4.18
             649.45,4.18 662.18,13.45 662.18,13.45" />
</svg>
