<?xml version="1.0" encoding="UTF-8" standalone="no"?>
<!DOCTYPE svg PUBLIC "-//W3C//DTD SVG 20010904//EN"
              "http://www.w3.org/TR/2001/REC-SVG-20010904/DTD/svg10.dtd">

<svg xmlns="http://www.w3.org/2000/svg"
     width="16.5972in" height="13.0417in"
     viewBox="0 0 1195 939">
  <path id="Unknown012"
        fill="none" stroke="black" stroke-width="1"
        d="M 560.00,407.09
           C 560.00,407.09 549.82,417.45 549.82,417.45
             549.82,417.45 544.91,417.45 544.91,417.27
             544.91,417.09 539.64,414.36 539.64,414.36
             539.64,414.36 527.45,419.45 527.45,419.45
             527.45,419.45 523.27,419.09 523.09,419.09
             522.91,419.09 499.64,427.09 499.64,427.09
             499.64,427.09 510.73,434.55 510.73,434.55
             510.73,434.55 517.27,435.45 517.45,435.45
             517.64,435.45 521.27,433.09 521.45,433.09
             521.64,433.09 524.55,436.91 524.55,436.91
             524.55,436.91 524.91,449.45 524.91,449.45
             524.91,449.45 528.55,452.36 528.55,452.36
             528.55,452.36 534.73,447.64 534.73,447.64
             534.73,447.64 538.18,453.64 538.18,453.64
             538.18,453.64 544.36,452.18 544.36,452.18
             544.36,452.18 558.18,466.18 558.18,466.18
             558.18,466.18 574.91,467.45 574.91,467.45
             574.91,467.45 584.00,459.82 584.00,459.82
             584.00,459.82 589.45,460.73 589.45,460.73
             589.45,460.73 608.36,448.91 608.36,448.91
             608.36,448.91 615.27,448.55 615.27,448.55
             615.27,448.55 621.27,440.73 621.27,440.73
             621.27,440.73 616.18,435.64 616.18,435.64
             616.18,435.64 613.45,435.45 613.45,435.45
             613.45,435.45 612.91,428.36 612.91,428.18
             612.91,428.00 610.00,425.27 610.00,425.27
             610.00,425.27 607.09,428.18 607.09,428.18
             607.09,428.18 602.73,423.64 602.73,423.64
             602.73,423.64 593.45,424.55 593.45,424.55
             593.45,424.55 582.18,414.73 582.18,414.73
             582.18,414.73 582.73,410.18 582.73,410.18
             582.73,410.18 579.82,408.00 579.82,408.00
             579.82,408.00 577.64,410.55 577.64,410.55
             577.64,410.55 572.36,410.55 572.36,410.55
             572.36,410.55 568.73,406.18 568.73,406.18
             568.73,406.18 560.36,407.27 560.36,407.27" />
</svg>
