<?xml version="1.0" encoding="UTF-8" standalone="no"?>
<!DOCTYPE svg PUBLIC "-//W3C//DTD SVG 20010904//EN"
              "http://www.w3.org/TR/2001/REC-SVG-20010904/DTD/svg10.dtd">

<svg xmlns="http://www.w3.org/2000/svg"
     width="16.5972in" height="13.0417in"
     viewBox="0 0 1195 939">
  <path id="Unknown016"
        fill="none" stroke="black" stroke-width="1"
        d="M 477.27,258.55
           C 477.27,258.55 466.73,252.00 466.73,252.00
             466.73,252.00 468.73,235.64 468.73,235.64
             468.73,235.64 467.45,212.36 467.45,212.36
             467.45,212.36 474.73,213.64 474.73,213.64
             474.73,213.64 475.82,209.45 475.82,209.45
             475.82,209.45 469.27,205.09 469.27,205.09
             469.27,205.09 476.36,192.55 476.55,192.55
             476.73,192.55 484.73,191.09 484.73,191.09
             484.73,191.09 495.64,191.09 495.64,191.09
             495.64,191.09 506.00,174.00 506.00,174.00
             506.00,174.00 512.36,174.36 512.73,173.82
             513.09,173.27 518.18,167.27 518.18,167.27
             518.18,167.27 516.73,173.45 516.73,173.45
             516.73,173.45 517.64,187.45 517.64,187.45
             517.64,187.45 511.64,200.36 511.64,200.36
             511.64,200.36 515.09,208.18 515.09,208.18
             515.09,208.18 514.91,215.45 514.91,215.45
             514.91,215.45 525.82,216.00 525.82,216.00
             525.82,216.00 527.09,220.55 526.91,220.73
             526.73,220.91 521.45,227.82 521.27,228.00
             521.09,228.18 516.36,223.82 516.36,223.82
             516.36,223.82 511.09,240.36 510.91,240.36
             510.73,240.36 505.27,241.82 505.27,241.82
             505.27,241.82 506.73,246.18 506.73,246.18
             506.73,246.18 498.18,257.45 498.18,257.45
             498.18,257.45 493.09,257.45 493.09,257.45
             493.09,257.45 490.36,253.82 490.36,253.82
             490.36,253.82 479.64,251.82 479.64,251.82
             479.64,251.82 477.27,258.73 477.27,258.73" />
</svg>
