<?xml version="1.0" encoding="UTF-8" standalone="no"?>
<!DOCTYPE svg PUBLIC "-//W3C//DTD SVG 20010904//EN"
              "http://www.w3.org/TR/2001/REC-SVG-20010904/DTD/svg10.dtd">

<svg xmlns="http://www.w3.org/2000/svg"
     width="16.5972in" height="13.0417in"
     viewBox="0 0 1195 939">
  <path id="Unknown027"
        fill="none" stroke="black" stroke-width="1"
        d="M 699.00,617.00
           C 699.00,617.00 707.67,616.33 707.67,616.33
             707.67,616.33 717.67,619.67 718.00,619.67
             718.33,619.67 730.00,619.33 730.00,619.33
             730.00,619.33 741.33,627.00 741.33,627.00
             741.33,627.00 749.33,622.33 749.33,622.33
             749.33,622.33 763.33,630.33 763.33,630.33
             763.33,630.33 767.00,624.33 767.00,624.33
             767.00,624.33 774.33,630.67 774.33,630.33
             774.33,630.00 789.00,628.33 789.00,628.33
             789.00,628.33 798.33,626.00 798.33,626.00
             798.33,626.00 804.67,624.33 804.67,624.33
             804.67,624.33 807.33,616.67 807.33,616.67
             807.33,616.67 810.00,601.00 809.67,601.00
             809.33,601.00 803.00,599.67 803.00,599.67
             803.00,599.67 799.00,605.33 799.00,605.33
             799.00,605.33 798.33,596.00 798.33,596.00
             798.33,596.00 789.00,589.00 789.00,589.00
             789.00,589.00 782.00,575.67 782.00,575.67
             782.00,575.67 774.67,575.00 774.67,575.00
             774.67,575.00 767.00,567.33 767.00,567.33
             767.00,567.33 761.33,559.67 761.33,559.67
             761.33,559.67 746.00,557.33 746.00,557.33
             746.00,557.33 738.67,549.00 738.67,549.00
             738.67,549.00 737.33,536.67 737.33,536.67
             737.33,536.67 731.33,538.00 731.33,538.00
             731.33,538.00 726.00,545.00 726.00,545.00
             726.00,545.00 724.00,539.33 724.00,539.33
             724.00,539.33 720.67,539.67 720.67,539.67
             720.67,539.67 717.67,534.67 717.67,534.67
             717.67,534.67 711.00,538.33 711.00,538.33
             711.00,538.33 706.67,534.00 706.33,534.00
             706.00,534.00 694.00,542.33 694.00,542.33
             694.00,542.33 697.00,550.33 697.00,550.33
             697.00,550.33 696.00,559.00 696.00,559.00
             696.00,559.00 693.00,564.00 693.00,564.00
             693.00,564.00 686.67,564.33 686.67,564.33
             686.67,564.33 682.33,571.33 682.33,571.33
             682.33,571.33 683.00,577.67 683.00,577.67
             683.00,577.67 693.00,582.67 693.00,582.67
             693.00,582.67 697.67,604.33 697.67,604.33
             697.67,604.33 702.67,607.00 702.67,607.00
             702.67,607.00 700.00,612.33 700.00,612.33
             700.00,612.33 699.00,617.00 699.00,617.00" />
</svg>
