<?xml version="1.0" encoding="UTF-8" standalone="no"?>
<!DOCTYPE svg PUBLIC "-//W3C//DTD SVG 20010904//EN"
              "http://www.w3.org/TR/2001/REC-SVG-20010904/DTD/svg10.dtd">

<svg xmlns="http://www.w3.org/2000/svg"
     width="16.5972in" height="13.0417in"
     viewBox="0 0 1195 939">
  <path id="Unknown026"
        fill="none" stroke="black" stroke-width="1"
        d="M 894.67,607.33
           C 894.67,607.33 895.33,599.33 895.33,599.33
             895.33,599.33 891.00,598.33 891.00,598.33
             891.00,598.33 891.67,579.67 891.67,579.67
             891.67,579.67 894.00,569.00 894.00,569.00
             894.00,569.00 891.67,558.00 891.67,557.67
             891.67,557.33 879.33,542.67 879.33,542.67
             879.33,542.67 865.67,518.00 865.67,518.00
             865.67,518.00 853.00,518.00 853.00,518.00
             853.00,518.00 851.00,529.33 851.00,529.33
             851.00,529.33 858.00,534.67 857.67,534.67
             857.33,534.67 844.67,543.00 844.67,543.00
             844.67,543.00 841.67,553.00 841.67,553.00
             841.67,553.00 832.00,550.67 832.00,550.67
             832.00,550.67 829.33,558.67 829.33,558.67
             829.33,558.67 817.00,552.00 817.00,552.00
             817.00,552.00 815.00,558.00 814.67,558.00
             814.33,558.00 792.67,555.00 792.33,555.00
             792.00,555.00 777.00,554.67 777.00,554.67
             777.00,554.67 775.33,574.67 775.33,574.67
             775.33,574.67 781.33,575.67 781.33,575.67
             781.33,575.67 799.00,596.33 799.00,596.33
             799.00,596.33 799.67,605.33 799.67,605.33
             799.67,605.33 802.67,600.00 802.67,600.00
             802.67,600.00 808.33,601.67 808.33,601.67
             808.33,601.67 824.33,599.33 824.33,599.33
             824.33,599.33 831.33,603.67 831.33,603.67
             831.33,603.67 838.00,601.33 838.33,601.33
             838.67,601.33 849.00,602.00 849.00,602.00
             849.00,602.00 854.00,596.00 854.00,596.00
             854.00,596.00 859.00,601.00 859.67,601.00
             860.33,601.00 867.67,601.00 867.67,601.00
             867.67,601.00 871.33,606.33 871.33,606.33
             871.33,606.33 877.00,606.67 877.00,606.67
             877.00,606.67 879.33,603.00 879.67,603.00
             880.00,603.00 884.00,606.67 884.00,606.67
             884.00,606.67 894.33,607.67 894.33,607.67" />
</svg>
