<?xml version="1.0" encoding="UTF-8" standalone="no"?>
<!DOCTYPE svg PUBLIC "-//W3C//DTD SVG 20010904//EN"
              "http://www.w3.org/TR/2001/REC-SVG-20010904/DTD/svg10.dtd">

<svg xmlns="http://www.w3.org/2000/svg"
     width="16.5972in" height="13.0417in"
     viewBox="0 0 1195 939">
  <path id="Unknown002"
        fill="none" stroke="black" stroke-width="1"
        d="M 256.75,566.75
           C 256.75,566.75 269.75,556.75 269.75,556.75
             269.75,556.75 270.25,552.25 270.25,552.25
             270.25,552.25 265.75,550.25 265.75,550.25
             265.75,550.25 265.75,546.50 265.75,546.50
             265.75,546.50 269.75,545.00 269.75,545.00
             269.75,545.00 269.75,541.25 269.75,541.25
             269.75,541.25 265.00,537.00 265.00,537.00
             265.00,537.00 265.50,532.00 265.50,532.00
             265.50,532.00 268.75,526.25 269.00,526.25
             269.25,526.25 289.00,526.25 289.00,526.25
             289.00,526.25 288.75,511.25 288.75,511.25
             288.75,511.25 290.50,503.25 290.50,503.25
             290.50,503.25 289.75,494.75 289.75,494.75
             289.75,494.75 277.25,493.50 277.25,493.50
             277.25,493.50 272.50,490.00 272.50,490.00
             272.50,490.00 269.75,485.00 269.75,485.00
             269.75,485.00 266.75,472.75 266.75,472.75
             266.75,472.75 264.75,468.25 264.75,468.25
             264.75,468.25 264.50,461.75 264.50,461.75
             264.50,461.75 250.75,461.75 250.75,461.75
             250.75,461.75 250.50,468.25 250.50,468.25
             250.50,468.25 258.00,478.25 258.00,478.25
             258.00,478.25 257.50,492.75 257.50,492.75
             257.50,492.75 247.75,492.25 247.25,492.25
             246.75,492.25 238.50,495.00 238.50,495.00
             238.50,495.00 234.00,501.25 234.00,501.25
             234.00,501.25 226.00,490.50 226.25,490.50
             226.50,490.50 216.25,490.50 216.25,490.50
             216.25,490.50 212.00,494.25 212.25,494.25
             212.50,494.25 202.25,494.75 202.00,494.75
             201.75,494.75 190.75,499.25 190.75,499.25
             190.75,499.25 189.50,504.25 189.50,504.25
             189.50,504.25 194.00,509.25 194.00,509.25
             194.00,509.25 198.50,513.00 198.50,513.00
             198.50,513.00 191.50,515.75 191.50,515.75
             191.50,515.75 199.00,523.00 199.00,523.00
             199.00,523.00 206.25,522.00 206.25,522.00
             206.25,522.00 224.25,526.50 224.25,527.00
             224.25,527.50 232.50,530.50 232.50,530.50
             232.50,530.50 237.50,533.50 237.50,533.50
             237.50,533.50 238.25,540.25 238.25,540.25
             238.25,540.25 244.75,540.75 245.00,540.75
             245.25,540.75 245.00,544.25 245.00,544.25
             245.00,544.25 248.00,548.25 248.00,548.25
             248.00,548.25 245.75,553.00 245.75,553.00
             245.75,553.00 256.75,567.25 256.75,567.25M 180.25,451.13
           C 180.38,451.13 181.88,449.88 181.88,449.88
             181.88,449.88 181.88,447.63 181.88,447.63
             181.88,447.63 192.75,440.13 192.75,440.13
             192.75,440.13 202.00,438.38 202.00,438.38
             202.00,438.38 210.13,443.13 210.13,443.13
             210.13,443.13 213.25,442.75 213.25,442.75
             213.25,442.75 215.75,437.63 215.75,437.63
             215.75,437.63 215.88,433.88 215.88,433.63
             215.88,433.38 220.00,429.38 220.25,429.38
             220.50,429.38 227.00,427.25 227.00,427.25
             227.00,427.25 232.50,427.25 232.50,427.25
             232.50,427.25 237.38,431.00 237.38,431.00
             237.38,431.00 248.88,431.00 248.88,431.00
             248.88,431.00 247.75,427.00 247.88,427.00
             248.00,427.00 258.00,427.00 258.00,427.25
             258.00,427.50 257.75,429.38 257.75,429.38
             257.75,429.38 264.75,431.63 264.75,431.63
             264.75,431.63 267.13,429.00 267.13,429.00
             267.13,429.00 263.63,424.50 263.63,424.50
             263.63,424.50 262.50,422.38 262.50,422.38
             262.50,422.38 266.38,422.63 266.38,422.63
             266.38,422.63 271.50,424.63 271.50,424.63
             271.50,424.63 283.88,423.88 283.88,423.88
             283.88,423.88 296.63,426.13 296.63,426.13
             296.63,426.13 306.50,420.88 306.50,420.88
             306.50,420.88 312.75,420.38 312.75,420.38
             312.75,420.38 313.88,416.25 314.13,416.13
             314.38,416.00 321.88,411.38 321.88,411.38
             321.88,411.38 322.13,405.25 322.13,405.25
             322.13,405.25 306.25,404.88 306.13,405.00
             306.00,405.13 301.13,409.88 301.13,409.88
             301.13,409.88 293.38,410.13 293.38,410.13
             293.38,410.13 287.38,408.13 287.38,408.13
             287.38,408.13 280.00,402.13 280.00,402.13
             280.00,402.13 275.38,405.25 275.38,405.25
             275.38,405.25 275.63,411.50 275.63,411.50
             275.63,411.50 269.25,416.50 269.25,416.50
             269.25,416.50 260.63,419.00 260.63,419.13
             260.63,419.25 251.63,423.75 251.63,423.75
             251.63,423.75 244.00,423.63 244.00,423.63
             244.00,423.63 237.00,423.00 237.00,423.00
             237.00,423.00 229.63,418.88 229.63,418.88
             229.63,418.88 224.13,411.88 224.13,411.88
             224.13,411.88 218.13,412.00 218.13,412.00
             218.13,412.00 202.13,411.63 202.13,411.63
             202.13,411.63 196.50,418.63 196.50,418.63
             196.50,418.63 194.75,418.63 194.75,418.63
             194.75,418.63 193.63,424.75 193.63,424.75
             193.63,424.75 177.38,443.13 177.38,443.13
             177.38,443.13 169.50,446.75 169.50,446.75
             169.50,446.75 169.75,449.75 169.75,449.75
             169.75,449.75 172.75,448.38 172.75,448.38
             172.75,448.38 176.88,448.38 177.00,448.38
             177.13,448.38 180.38,451.25 180.38,451.25" />
</svg>
