<?xml version="1.0" encoding="UTF-8" standalone="no"?>
<!DOCTYPE svg PUBLIC "-//W3C//DTD SVG 20010904//EN"
              "http://www.w3.org/TR/2001/REC-SVG-20010904/DTD/svg10.dtd">

<svg xmlns="http://www.w3.org/2000/svg"
     width="16.5972in" height="13.0417in"
     viewBox="0 0 1195 939">
  <path id="Unknown011"
        fill="none" stroke="black" stroke-width="1"
        d="M 672.55,475.45
           C 672.55,475.45 657.45,460.91 657.45,460.91
             657.45,460.91 652.18,460.00 652.18,460.00
             652.18,460.00 650.91,462.55 650.91,462.55
             650.91,462.55 645.09,462.73 645.09,462.73
             645.09,462.73 643.27,457.82 643.27,457.64
             643.27,457.45 638.55,454.36 638.55,454.36
             638.55,454.36 638.36,452.00 638.36,452.00
             638.36,452.00 641.82,450.36 641.82,450.36
             641.82,450.36 641.27,445.64 641.27,445.64
             641.27,445.64 621.45,440.91 621.45,440.91
             621.45,440.91 615.45,448.36 615.45,448.36
             615.45,448.36 613.64,454.55 613.64,454.55
             613.64,454.55 618.55,460.18 618.55,460.18
             618.55,460.18 621.82,471.27 621.82,471.27
             621.82,471.27 616.91,472.36 616.91,472.36
             616.91,472.36 615.64,477.27 615.45,477.45
             615.27,477.64 620.55,480.18 620.55,480.18
             620.55,480.18 615.82,489.09 615.82,489.09
             615.82,489.09 627.27,500.91 627.09,500.91
             626.91,500.91 626.73,514.91 626.73,514.91
             626.73,514.91 623.82,515.09 623.64,515.09
             623.45,515.09 621.64,519.09 621.64,519.09
             621.64,519.09 617.45,521.27 617.64,521.27
             617.82,521.27 613.82,520.36 613.82,520.36
             613.82,520.36 607.45,524.00 607.45,524.00
             607.45,524.00 603.82,518.91 603.64,518.91
             603.45,518.91 601.45,518.91 601.27,518.91
             601.09,518.91 600.55,522.55 600.55,522.55
             600.55,522.55 606.36,529.64 606.36,529.64
             606.36,529.64 606.36,534.18 606.36,534.18
             606.36,534.18 617.09,530.91 617.27,530.91
             617.45,530.91 634.36,539.45 634.36,539.45
             634.36,539.45 636.73,546.73 636.73,546.73
             636.73,546.73 636.73,553.64 636.73,553.64
             636.73,553.64 634.55,558.18 634.91,558.18
             635.27,558.18 644.18,556.55 644.18,556.55
             644.18,556.55 653.09,548.55 653.09,548.55
             653.09,548.55 655.82,539.82 655.64,539.82
             655.45,539.82 658.36,535.82 658.36,535.64
             658.36,535.45 659.09,526.73 659.09,526.73
             659.09,526.73 675.82,526.36 675.82,526.36
             675.82,526.36 670.55,518.36 670.55,518.36
             670.55,518.36 669.45,504.73 669.45,504.73
             669.45,504.73 681.45,488.36 681.45,488.36
             681.45,488.36 678.73,480.91 678.73,480.91
             678.73,480.91 682.73,477.64 682.73,477.64
             682.73,477.64 682.18,473.09 682.18,473.09
             682.18,473.09 676.55,472.73 676.55,472.73
             676.55,472.73 672.73,475.82 672.73,475.82" />
</svg>
