<?xml version="1.0" encoding="UTF-8" standalone="no"?>
<!DOCTYPE svg PUBLIC "-//W3C//DTD SVG 20010904//EN"
              "http://www.w3.org/TR/2001/REC-SVG-20010904/DTD/svg10.dtd">

<svg xmlns="http://www.w3.org/2000/svg"
     width="16.5972in" height="13.0417in"
     viewBox="0 0 1195 939">
  <path id="Unknown004"
        fill="none" stroke="black" stroke-width="1"
        d="M 311.25,530.88
           C 311.25,530.75 315.63,524.50 315.63,524.50
             315.63,524.50 328.38,525.75 328.38,525.75
             328.38,525.75 339.00,521.25 339.00,521.25
             339.00,521.25 355.25,524.13 355.38,523.88
             355.50,523.63 361.38,518.38 361.38,518.38
             361.38,518.38 365.38,511.38 365.38,511.38
             365.38,511.38 366.13,503.38 366.13,503.50
             366.13,503.63 373.50,501.88 373.50,501.88
             373.50,501.88 389.63,509.13 389.50,509.75
             389.38,510.38 388.75,518.75 388.75,518.75
             388.75,518.75 395.88,525.75 395.88,525.75
             395.88,525.75 399.00,533.25 398.75,533.25
             398.50,533.25 398.00,539.63 398.00,539.63
             398.00,539.63 387.00,546.75 387.00,546.75
             387.00,546.75 380.63,546.50 380.63,546.50
             380.63,546.50 378.25,543.63 378.25,543.63
             378.25,543.63 373.63,544.25 373.63,544.25
             373.63,544.25 373.25,558.13 373.25,558.13
             373.25,558.13 375.13,562.00 375.25,562.00
             375.38,562.00 381.50,562.00 381.25,562.50
             381.00,563.00 381.88,570.38 381.88,570.50
             381.88,570.63 377.88,584.75 377.88,584.75
             377.88,584.75 373.13,582.63 373.13,582.63
             373.13,582.63 366.88,586.88 366.88,586.88
             366.88,586.88 358.75,588.00 358.75,588.00
             358.75,588.00 355.13,585.38 355.13,585.38
             355.13,585.38 346.25,585.50 346.25,585.50
             346.25,585.50 343.13,597.63 343.13,597.63
             343.13,597.63 337.00,597.88 336.88,597.88
             336.75,597.88 336.88,588.88 336.88,588.25
             336.88,587.63 330.75,578.38 330.75,578.38
             330.75,578.38 322.13,573.50 321.88,573.50
             321.63,573.50 318.63,574.13 318.63,574.00
             318.63,573.88 318.63,570.00 318.50,570.00
             318.38,570.00 315.50,566.88 315.50,566.88
             315.50,566.88 318.50,564.00 318.63,564.00
             318.75,564.00 319.88,551.00 319.75,551.00
             319.63,551.00 317.88,548.75 317.88,548.75
             317.88,548.75 318.00,546.50 318.00,546.50
             318.00,546.50 318.25,542.88 318.25,542.88
             318.25,542.88 311.63,535.88 311.63,535.88
             311.63,535.88 311.38,531.13 311.38,531.13" />
</svg>
