<?xml version="1.0" encoding="UTF-8" standalone="no"?>
<!DOCTYPE svg PUBLIC "-//W3C//DTD SVG 20010904//EN"
              "http://www.w3.org/TR/2001/REC-SVG-20010904/DTD/svg10.dtd">

<svg xmlns="http://www.w3.org/2000/svg"
     width="16.5972in" height="13.0417in"
     viewBox="0 0 1195 939">
  <path id="Unknown015"
        fill="none" stroke="black" stroke-width="1"
        d="M 520.36,366.36
           C 520.36,366.36 537.27,369.45 537.27,369.45
             537.27,369.45 570.55,369.64 570.55,369.64
             570.55,369.64 574.73,374.55 574.73,374.55
             574.73,374.55 575.09,378.91 575.09,378.91
             575.09,378.91 583.64,384.00 583.64,384.00
             583.64,384.00 585.27,389.82 585.45,389.82
             585.64,389.82 596.18,389.45 596.18,389.45
             596.18,389.45 600.00,392.36 600.00,392.36
             600.00,392.36 603.09,392.73 603.09,392.73
             603.09,392.73 604.36,386.36 604.36,386.36
             604.36,386.36 611.27,373.82 611.27,373.82
             611.27,373.82 617.82,366.73 617.82,366.73
             617.82,366.73 619.27,359.09 619.27,359.09
             619.27,359.09 622.73,344.91 622.73,344.91
             622.73,344.91 623.64,332.18 623.64,332.18
             623.64,332.18 618.36,323.82 618.36,323.82
             618.36,323.82 620.55,317.09 620.55,317.09
             620.55,317.09 620.55,307.45 620.55,307.45
             620.55,307.45 601.82,314.36 602.00,314.36
             602.18,314.36 606.91,318.55 606.91,318.55
             606.91,318.55 606.18,325.09 606.18,325.09
             606.18,325.09 590.73,319.09 590.73,319.09
             590.73,319.09 589.64,309.09 589.64,309.09
             589.64,309.09 579.09,305.82 579.09,305.82
             579.09,305.82 582.18,300.36 582.18,300.36
             582.18,300.36 587.27,301.27 587.27,301.27
             587.27,301.27 587.82,297.09 587.82,297.09
             587.82,297.09 584.55,294.91 584.55,294.91
             584.55,294.91 587.27,292.00 587.27,292.00
             587.27,292.00 579.09,285.45 579.09,285.45
             579.09,285.45 574.91,290.55 574.91,290.73
             574.91,290.91 576.91,303.27 576.91,303.27
             576.91,303.27 572.00,296.73 572.00,296.73
             572.00,296.73 563.09,293.82 562.55,294.00
             562.00,294.18 553.09,305.27 553.09,305.27
             553.09,305.27 546.00,305.27 545.64,305.45
             545.27,305.64 535.82,314.00 535.82,314.00
             535.82,314.00 531.45,311.09 531.45,310.91
             531.45,310.73 527.09,311.64 527.09,311.64
             527.09,311.64 524.73,307.27 524.73,307.27
             524.73,307.27 529.27,303.82 529.27,303.82
             529.27,303.82 530.00,298.55 530.00,298.55
             530.00,298.55 527.27,296.36 527.27,296.36
             527.27,296.36 521.82,300.00 521.82,300.00
             521.82,300.00 506.73,293.64 506.73,293.64
             506.73,293.64 507.45,289.09 507.45,288.91
             507.45,288.73 507.82,284.91 507.82,284.91
             507.82,284.91 501.64,280.73 501.64,280.73
             501.64,280.73 499.64,274.00 499.64,274.00
             499.64,274.00 495.09,273.09 495.09,273.09
             495.09,273.09 499.27,266.18 499.45,266.18
             499.64,266.18 498.18,257.45 498.36,257.45
             498.55,257.45 493.82,256.73 493.82,256.73
             493.82,256.73 480.36,252.00 480.36,252.00
             480.36,252.00 478.36,281.09 478.36,281.09
             478.36,281.09 485.64,294.18 485.45,294.18
             485.27,294.18 477.82,296.73 477.82,296.73
             477.82,296.73 477.82,300.00 477.82,300.00
             477.82,300.00 484.73,300.00 484.73,300.18
             484.73,300.36 483.64,312.55 483.82,312.73
             484.00,312.91 488.73,316.91 488.73,316.91
             488.73,316.91 478.73,316.55 478.00,316.55
             477.27,316.55 474.36,332.55 474.36,332.36
             474.36,332.18 471.45,326.91 471.45,326.91
             471.45,326.91 467.45,334.18 467.45,334.18
             467.45,334.18 468.36,353.64 468.36,353.64
             468.36,353.64 462.36,360.18 462.36,360.18
             462.36,360.18 460.55,370.18 460.55,370.18
             460.55,370.18 469.64,376.18 469.64,376.18
             469.64,376.18 476.73,377.27 476.73,377.27
             476.73,377.27 482.55,372.55 482.55,372.55
             482.55,372.55 489.45,376.36 489.45,376.36
             489.45,376.36 491.45,382.73 491.45,382.73
             491.45,382.73 498.36,384.18 498.36,384.18
             498.36,384.18 510.36,388.55 510.36,388.55
             510.36,388.55 516.73,396.73 516.73,396.73
             516.73,396.73 521.64,397.09 521.64,397.09
             521.64,397.09 523.09,384.91 523.09,384.91
             523.09,384.91 515.82,377.27 515.82,377.27
             515.82,377.27 520.18,366.36 520.18,366.36" />
</svg>
