<?xml version="1.0" encoding="UTF-8" standalone="no"?>
<!DOCTYPE svg PUBLIC "-//W3C//DTD SVG 20010904//EN"
              "http://www.w3.org/TR/2001/REC-SVG-20010904/DTD/svg10.dtd">

<svg xmlns="http://www.w3.org/2000/svg"
     width="16.5972in" height="13.0417in"
     viewBox="0 0 1195 939">
  <path id="Unknown028"
        fill="none" stroke="black" stroke-width="1"
        d="M 734.67,461.00
           C 734.33,461.00 720.67,470.33 720.67,470.33
             720.67,470.33 702.00,473.00 702.00,473.00
             702.00,473.00 705.00,478.67 705.00,478.67
             705.00,478.67 708.33,486.00 708.33,486.00
             708.33,486.00 712.00,486.00 712.00,486.00
             712.00,486.00 712.33,491.00 712.33,491.00
             712.33,491.00 718.00,492.33 718.00,492.33
             718.00,492.33 725.33,487.67 725.33,487.67
             725.33,487.67 727.00,498.00 727.00,498.00
             727.00,498.00 736.00,501.00 736.00,501.00
             736.00,501.00 741.33,511.67 741.33,511.67
             741.33,511.67 749.00,509.00 749.00,509.00
             749.00,509.00 753.00,516.00 753.00,516.00
             753.00,516.00 746.33,528.00 746.33,528.00
             746.33,528.00 741.33,526.00 741.33,526.00
             741.33,526.00 736.67,537.33 736.67,537.33
             736.67,537.33 738.67,549.00 738.67,549.00
             738.67,549.00 745.33,557.00 745.33,557.00
             745.33,557.00 761.00,559.67 761.00,559.67
             761.00,559.67 775.00,575.33 775.00,575.33
             775.00,575.33 777.33,554.67 777.33,554.67
             777.33,554.67 814.33,557.33 814.33,557.33
             814.33,557.33 816.67,552.00 816.67,552.00
             816.67,552.00 828.33,559.00 828.33,559.00
             828.33,559.00 831.00,550.67 831.00,550.67
             831.00,550.67 840.67,553.33 840.67,553.33
             840.67,553.33 844.33,543.00 844.33,543.00
             844.33,543.00 857.00,534.33 857.00,534.33
             857.00,534.33 851.00,529.33 851.00,529.33
             851.00,529.33 852.67,517.33 852.67,517.33
             852.67,517.33 866.33,517.33 866.33,517.33
             866.33,517.33 859.67,515.67 859.67,515.67
             859.67,515.67 853.33,510.33 853.33,510.33
             853.33,510.33 842.00,509.67 842.00,509.67
             842.00,509.67 830.00,504.33 830.00,504.33
             830.00,504.33 815.33,488.33 815.33,488.33
             815.33,488.33 783.67,469.67 783.67,469.67
             783.67,469.67 791.33,459.00 791.33,459.00
             791.33,459.00 788.67,454.33 788.67,454.33
             788.67,454.33 776.33,459.00 776.33,459.00
             776.33,459.00 774.00,450.33 773.33,450.33
             772.67,450.33 764.67,451.33 765.00,451.33
             765.33,451.33 759.00,444.67 758.67,444.67
             758.33,444.67 750.00,453.67 750.00,453.67
             750.00,453.67 744.33,457.67 744.33,457.67
             744.33,457.67 744.33,462.67 744.33,462.67
             744.33,462.67 735.33,461.33 735.33,461.33" />
</svg>
