<?xml version="1.0" encoding="UTF-8" standalone="no"?>
<!DOCTYPE svg PUBLIC "-//W3C//DTD SVG 20010904//EN"
              "http://www.w3.org/TR/2001/REC-SVG-20010904/DTD/svg10.dtd">

<svg xmlns="http://www.w3.org/2000/svg"
     width="16.5972in" height="13.0417in"
     viewBox="0 0 1195 939">
  <path id="Unknown023"
        fill="none" stroke="black" stroke-width="1"
        d="M 664.73,387.64
           C 664.73,387.64 671.64,387.45 671.64,387.45
             671.64,387.45 682.91,390.73 682.91,390.73
             682.91,390.73 687.82,379.45 687.82,379.45
             687.82,379.45 693.64,379.45 693.64,379.45
             693.64,379.45 695.82,385.64 695.82,385.64
             695.82,385.64 720.36,396.55 720.18,396.55
             720.00,396.55 721.45,408.36 721.45,408.36
             721.45,408.36 731.09,412.55 731.09,412.73
             731.09,412.91 732.55,418.00 732.55,418.00
             732.55,418.00 727.09,417.82 727.09,418.00
             727.09,418.18 730.18,428.91 730.18,428.91
             730.18,428.91 723.09,434.00 723.09,434.00
             723.09,434.00 713.82,440.73 713.82,440.73
             713.82,440.73 711.64,447.45 711.64,447.45
             711.64,447.45 698.55,452.91 698.55,452.91
             698.55,452.91 696.55,447.64 696.55,447.64
             696.55,447.64 688.73,446.73 688.73,446.55
             688.73,446.36 680.91,434.36 680.91,434.36
             680.91,434.36 670.00,433.64 670.00,433.64
             670.00,433.64 663.09,438.00 663.09,438.00
             663.09,438.00 662.00,444.18 662.00,444.18
             662.00,444.18 653.09,445.45 653.09,445.45
             653.09,445.45 648.36,440.91 648.36,440.91
             648.36,440.91 639.45,439.27 639.45,439.27
             639.45,439.27 638.18,432.73 638.18,432.73
             638.18,432.73 630.36,430.91 630.36,430.91
             630.36,430.91 630.36,427.45 630.36,427.45
             630.36,427.45 615.27,421.27 615.27,421.27
             615.27,421.27 615.64,411.64 615.64,411.64
             615.64,411.64 619.45,403.09 619.45,403.09
             619.45,403.09 629.27,401.64 629.45,401.64
             629.64,401.64 627.09,394.36 627.09,394.36
             627.09,394.36 627.45,386.00 627.45,386.00
             627.45,386.00 631.09,379.09 631.09,379.09
             631.09,379.09 641.82,378.18 641.82,378.18
             641.82,378.18 646.55,371.82 646.55,371.82
             646.55,371.82 656.91,371.64 656.91,371.82
             656.91,372.00 664.00,377.45 664.00,377.64
             664.00,377.82 664.55,387.45 664.55,387.45" />
</svg>
