<?xml version="1.0" encoding="UTF-8" standalone="no"?>
<!DOCTYPE svg PUBLIC "-//W3C//DTD SVG 20010904//EN"
              "http://www.w3.org/TR/2001/REC-SVG-20010904/DTD/svg10.dtd">

<svg xmlns="http://www.w3.org/2000/svg"
     width="16.5972in" height="13.0417in"
     viewBox="0 0 1195 939">
  <path id="Unknown003"
        fill="none" stroke="black" stroke-width="1"
        d="M 257.00,567.00
           C 257.00,567.00 269.50,556.63 269.50,556.63
             269.50,556.63 269.75,554.00 269.75,554.00
             269.75,554.00 266.38,550.63 266.38,550.63
             266.38,550.63 266.63,546.00 266.63,546.00
             266.63,546.00 269.63,545.50 269.63,545.38
             269.63,545.25 269.50,540.75 269.50,540.75
             269.50,540.75 266.13,536.63 266.13,536.63
             266.13,536.63 266.25,531.63 266.25,531.63
             266.25,531.63 270.63,526.25 270.63,526.25
             270.63,526.25 304.63,527.75 304.63,527.75
             304.63,527.75 311.38,530.75 311.38,530.75
             311.38,530.75 310.50,536.63 310.50,536.63
             310.50,536.63 318.00,542.75 318.00,542.75
             318.00,542.75 317.00,550.75 317.00,550.75
             317.00,550.75 319.25,552.50 319.25,552.50
             319.25,552.50 318.50,563.75 318.50,563.75
             318.50,563.75 315.00,566.25 315.00,566.25
             315.00,566.25 318.25,570.25 318.38,570.38
             318.50,570.50 318.50,573.75 318.50,573.75
             318.50,573.75 310.38,579.75 310.38,579.75
             310.38,579.75 309.50,587.63 309.50,587.63
             309.50,587.63 315.13,593.00 315.13,593.00
             315.13,593.00 315.00,609.75 315.00,609.75
             315.00,609.75 312.13,615.13 312.00,615.38
             311.88,615.63 308.13,619.38 308.13,619.38
             308.13,619.38 301.13,614.63 301.13,614.63
             301.13,614.63 284.00,615.13 284.00,615.13
             284.00,615.13 275.63,597.13 275.63,597.13
             275.63,597.13 271.63,597.13 271.63,597.13
             271.63,597.13 264.75,588.38 264.75,588.38
             264.75,588.38 267.75,587.38 267.88,587.38
             268.00,587.38 268.00,585.38 268.00,585.38
             268.00,585.38 261.75,581.63 261.75,581.63
             261.75,581.63 262.00,578.38 262.00,578.38
             262.00,578.38 264.50,579.50 264.50,579.50
             264.50,579.50 264.38,571.00 264.38,571.00
             264.38,571.00 257.00,567.13 257.00,567.13" />
</svg>
