<?xml version="1.0" encoding="UTF-8" standalone="no"?>
<!DOCTYPE svg PUBLIC "-//W3C//DTD SVG 20010904//EN"
              "http://www.w3.org/TR/2001/REC-SVG-20010904/DTD/svg10.dtd">

<svg xmlns="http://www.w3.org/2000/svg"
     width="16.5972in" height="13.0417in"
     viewBox="0 0 1195 939">
  <path id="Unknown007"
        fill="none" stroke="black" stroke-width="1"
        d="M 681.45,680.18
           C 681.45,680.18 704.91,700.18 704.91,700.18
             704.91,700.18 704.91,702.73 704.91,702.91
             704.91,703.09 714.00,705.64 714.00,705.82
             714.00,706.00 713.64,712.18 713.64,712.18
             713.64,712.18 711.45,714.55 711.45,714.55
             711.45,714.55 712.36,732.55 712.18,732.73
             712.00,732.91 708.36,738.91 708.36,738.91
             708.36,738.91 708.73,747.27 708.73,747.27
             708.73,747.27 719.82,755.09 720.18,755.09
             720.55,755.09 722.18,761.09 722.18,761.09
             722.18,761.09 728.00,771.64 728.00,771.64
             728.00,771.64 728.18,775.82 728.18,775.82
             728.18,775.82 739.64,783.64 739.64,783.64
             739.64,783.64 747.27,785.45 747.27,785.45
             747.27,785.45 747.45,788.73 747.45,788.73
             747.45,788.73 739.45,787.82 739.45,788.36
             739.45,788.91 739.82,792.18 739.82,792.18
             739.82,792.18 743.27,793.64 743.27,793.64
             743.27,793.64 748.18,803.64 748.18,803.64
             748.18,803.64 758.91,804.36 758.91,804.36
             758.91,804.36 759.09,807.64 758.91,807.64
             758.73,807.64 752.73,807.27 752.73,807.27
             752.73,807.27 746.73,816.73 746.73,816.73
             746.73,816.73 758.36,828.91 758.36,828.91
             758.36,828.91 758.55,833.64 758.55,833.64
             758.55,833.64 756.36,834.73 756.18,834.91
             756.00,835.09 763.64,849.09 763.64,849.09
             763.64,849.09 765.27,841.45 765.45,841.45
             765.64,841.45 768.55,841.27 768.55,841.45
             768.55,841.64 772.18,846.55 772.18,846.55
             772.18,846.55 773.45,855.09 773.45,855.09
             773.45,855.09 777.09,856.91 777.09,856.91
             777.09,856.91 778.55,850.00 778.55,849.82
             778.55,849.64 782.18,846.73 782.18,846.73
             782.18,846.73 786.73,853.82 786.73,853.82
             786.73,853.82 791.27,856.00 791.27,856.00
             791.27,856.00 789.64,850.91 789.64,850.91
             789.64,850.91 790.00,844.91 790.00,844.91
             790.00,844.91 782.55,829.45 782.55,829.45
             782.55,829.45 784.18,826.73 784.18,826.73
             784.18,826.73 789.82,831.82 789.82,831.82
             789.82,831.82 799.09,828.91 799.09,828.73
             799.09,828.55 793.27,823.09 793.27,823.09
             793.27,823.09 789.45,817.82 789.45,817.82
             789.45,817.82 798.36,813.64 798.36,813.64
             798.36,813.64 808.73,823.09 808.73,823.09
             808.73,823.09 810.55,823.09 810.55,823.09
             810.55,823.09 809.82,808.18 809.82,808.18
             809.82,808.18 805.64,802.73 805.64,802.55
             805.64,802.36 779.27,791.09 779.27,791.09
             779.27,791.09 788.55,786.73 788.55,786.73
             788.55,786.73 784.73,778.73 784.73,778.73
             784.73,778.73 788.55,776.55 789.09,776.55
             789.64,776.55 790.18,784.18 790.18,784.18
             790.18,784.18 795.09,782.18 795.09,782.18
             795.09,782.18 794.91,778.36 794.91,778.36
             794.91,778.36 787.27,768.18 787.27,768.18
             787.27,768.18 783.45,761.09 783.45,761.09
             783.45,761.09 780.00,758.18 780.00,758.18
             780.00,758.18 780.36,742.73 780.55,742.73
             780.73,742.73 784.55,740.91 784.55,741.27
             784.55,741.64 784.73,746.55 785.27,746.73
             785.82,746.91 792.91,751.27 792.91,751.64
             792.91,752.00 797.09,758.91 797.09,758.91
             797.09,758.91 802.91,760.36 802.91,760.18
             802.91,760.00 799.64,755.45 799.64,755.45
             799.64,755.45 800.55,752.18 800.73,752.18
             800.91,752.18 806.36,759.27 806.73,759.27
             807.09,759.27 809.82,758.00 809.82,757.82
             809.82,757.64 810.18,754.36 810.00,754.36
             809.82,754.36 805.27,751.27 805.27,751.27
             805.27,751.27 807.09,748.00 807.09,748.18
             807.09,748.36 816.55,756.00 816.73,756.00
             816.91,756.00 817.82,754.00 817.82,754.00
             817.82,754.00 816.91,749.45 816.73,749.45
             816.55,749.45 808.18,744.91 808.18,744.91
             808.18,744.91 805.27,738.91 805.27,738.91
             805.27,738.91 813.45,737.45 813.45,737.45
             813.45,737.45 820.55,732.36 820.73,732.36
             820.91,732.36 820.73,738.73 820.73,738.91
             820.73,739.09 822.73,741.09 822.73,741.09
             822.73,741.09 825.45,740.36 825.45,740.36
             825.45,740.36 825.64,735.64 825.64,735.64
             825.64,735.64 833.27,730.91 833.27,730.91
             833.27,730.91 851.64,735.27 851.64,735.45
             851.64,735.64 854.00,740.55 854.00,740.55
             854.00,740.55 868.73,741.64 868.73,741.64
             868.73,741.64 857.27,748.00 857.27,748.18
             857.27,748.36 853.45,772.91 853.45,772.91
             853.45,772.91 868.73,770.36 868.73,770.36
             868.73,770.36 871.82,773.09 871.82,773.09
             871.82,773.09 866.55,777.64 866.55,777.64
             866.55,777.64 870.55,782.55 870.55,782.55
             870.55,782.55 869.64,786.91 869.64,786.91
             869.64,786.91 874.18,788.91 874.18,788.91
             874.18,788.91 868.91,792.91 868.91,792.91
             868.91,792.91 874.36,801.45 874.36,801.45
             874.36,801.45 866.91,803.27 866.91,803.27
             866.91,803.27 865.82,796.73 865.82,796.55
             865.82,796.36 862.18,795.09 862.18,795.09
             862.18,795.09 860.36,796.55 860.36,796.73
             860.36,796.91 860.00,802.18 860.00,802.18
             860.00,802.18 857.64,803.09 857.64,803.27
             857.64,803.45 857.45,807.45 857.82,807.64
             858.18,807.82 864.55,809.82 864.55,809.82
             864.55,809.82 866.91,808.73 866.91,808.73
             866.91,808.73 880.00,814.55 880.00,814.55
             880.00,814.55 879.09,821.09 879.09,821.09
             879.09,821.09 869.27,817.45 869.27,817.45
             869.27,817.45 865.45,820.91 865.45,821.09
             865.45,821.27 869.09,823.45 869.45,823.45
             869.82,823.45 874.36,822.55 874.36,822.55
             874.36,822.55 878.18,830.55 878.18,830.55
             878.18,830.55 885.45,834.36 885.45,834.36
             885.45,834.36 884.73,836.73 884.73,836.73
             884.73,836.73 879.27,836.73 879.27,836.73
             879.27,836.73 879.09,842.00 879.09,842.00
             879.09,842.00 872.00,849.27 872.00,849.27
             872.00,849.27 881.09,844.55 881.09,844.55
             881.09,844.55 881.27,841.09 881.45,840.91
             881.64,840.73 897.82,840.55 897.82,840.55
             897.82,840.55 895.09,845.82 895.09,845.82
             895.09,845.82 883.64,847.27 883.64,847.27
             883.64,847.27 890.36,852.18 890.36,852.18
             890.36,852.18 899.09,851.27 899.09,851.27
             899.09,851.27 904.73,846.91 905.27,846.73
             905.82,846.55 917.82,840.18 917.82,840.18
             917.82,840.18 922.91,824.36 923.09,824.36
             923.27,824.36 931.09,820.18 930.91,820.18
             930.73,820.18 950.55,801.27 950.55,801.27
             950.55,801.27 958.00,802.18 958.00,802.18
             958.00,802.18 966.91,797.82 966.73,797.82
             966.55,797.82 968.00,791.45 968.00,791.45
             968.00,791.45 964.91,786.91 964.91,786.91
             964.91,786.91 966.36,781.45 966.36,781.45
             966.36,781.45 976.00,773.82 976.00,773.82
             976.00,773.82 975.27,767.82 975.27,767.82
             975.27,767.82 965.27,753.64 965.27,753.64
             965.27,753.64 951.27,753.45 951.27,753.45
             951.27,753.45 951.45,748.00 951.45,748.00
             951.45,748.00 958.18,745.27 958.55,745.27
             958.91,745.27 974.36,744.91 974.36,744.91
             974.36,744.91 980.91,742.00 981.09,741.64
             981.27,741.27 984.55,737.82 984.55,737.82
             984.55,737.82 983.09,728.36 983.09,728.36
             983.09,728.36 980.36,724.18 980.36,724.18
             980.36,724.18 985.82,721.45 985.82,721.45
             985.82,721.45 992.00,716.91 992.00,716.91
             992.00,716.91 994.18,709.64 994.18,709.64
             994.18,709.64 993.82,706.91 993.82,706.91
             993.82,706.91 971.45,719.82 971.45,719.82
             971.45,719.82 967.82,727.64 967.64,727.64
             967.45,727.64 955.82,727.27 955.82,727.27
             955.82,727.27 948.55,723.82 948.55,723.82
             948.55,723.82 920.91,722.18 920.73,722.55
             920.55,722.91 918.73,729.45 918.73,729.45
             918.73,729.45 928.55,735.45 928.73,735.45
             928.91,735.45 929.09,739.09 929.09,739.09
             929.09,739.09 916.73,739.64 916.73,739.64
             916.73,739.64 912.91,742.36 912.91,742.36
             912.91,742.36 919.27,746.55 919.27,746.55
             919.27,746.55 897.64,748.36 897.64,748.18
             897.64,748.00 897.09,742.55 897.09,742.55
             897.09,742.55 888.18,742.18 888.55,742.55
             888.91,742.91 890.55,748.36 890.55,748.36
             890.55,748.36 884.36,748.55 884.00,748.55
             883.64,748.55 881.45,744.91 881.45,744.91
             881.45,744.91 876.55,744.91 876.55,744.91
             876.55,744.91 870.18,745.82 870.18,745.82
             870.18,745.82 876.91,741.27 876.91,741.27
             876.91,741.27 883.45,735.09 883.45,735.09
             883.45,735.09 883.82,730.36 883.82,730.36
             883.82,730.36 894.73,730.36 895.64,730.36
             896.55,730.36 900.00,727.27 900.00,727.27
             900.00,727.27 918.55,729.82 918.55,729.82
             918.55,729.82 920.55,722.73 920.55,722.73
             920.55,722.73 901.27,713.82 901.27,713.82
             901.27,713.82 896.36,700.91 896.36,700.91
             896.36,700.91 886.00,687.09 885.82,687.09
             885.64,687.09 888.73,683.45 888.73,683.27
             888.73,683.09 879.64,678.18 879.64,678.18
             879.64,678.18 872.55,673.27 872.55,673.27
             872.55,673.27 853.27,672.91 853.09,672.73
             852.91,672.55 846.36,677.09 846.36,677.09
             846.36,677.09 837.45,677.09 837.27,677.09
             837.09,677.09 826.18,682.18 826.36,682.18
             826.55,682.18 816.00,678.55 816.00,678.55
             816.00,678.55 811.45,680.91 811.45,680.91
             811.45,680.91 809.09,674.36 809.09,674.36
             809.09,674.36 802.73,666.00 802.73,666.00
             802.73,666.00 797.82,670.36 798.00,670.36
             798.18,670.36 792.91,670.36 792.91,670.36
             792.91,670.36 790.91,667.82 790.91,667.82
             790.91,667.82 783.82,667.45 783.82,667.45
             783.82,667.45 779.64,664.18 779.64,664.18
             779.64,664.18 765.09,664.91 765.09,664.91
             765.09,664.91 760.55,668.36 760.36,668.36
             760.18,668.36 750.91,668.00 750.73,668.36
             750.55,668.73 745.27,674.55 745.27,674.55
             745.27,674.55 735.27,665.27 735.27,665.27
             735.27,665.27 726.18,673.64 726.18,673.64
             726.18,673.64 713.27,661.64 713.27,661.64
             713.27,661.64 703.27,656.00 703.27,656.00
             703.27,656.00 698.00,656.73 698.00,656.73
             698.00,656.73 681.45,680.36 681.45,680.36" />
</svg>
