<?xml version="1.0" encoding="UTF-8" standalone="no"?>
<!DOCTYPE svg PUBLIC "-//W3C//DTD SVG 20010904//EN"
              "http://www.w3.org/TR/2001/REC-SVG-20010904/DTD/svg10.dtd">

<svg xmlns="http://www.w3.org/2000/svg"
     width="16.5972in" height="13.0417in"
     viewBox="0 0 1195 939">
  <path id="Unknown029"
        fill="none" stroke="black" stroke-width="1"
        d="M 257.67,262.00
           C 257.33,262.33 246.33,269.00 246.33,269.00
             246.33,269.00 254.33,284.67 254.33,284.67
             254.33,284.67 259.00,299.00 259.00,299.00
             259.00,299.00 266.33,299.33 266.33,299.00
             266.33,298.67 273.00,290.67 273.00,290.67
             273.00,290.67 264.00,285.00 264.00,285.00
             264.00,285.00 257.67,262.33 257.67,262.33M 283.67,302.67
           C 283.67,302.67 288.67,306.33 288.67,306.33
             288.67,306.33 286.67,310.00 286.67,310.33
             286.67,310.67 294.33,324.67 294.33,324.67
             294.33,324.67 286.67,321.00 286.67,321.00
             286.67,321.00 278.33,322.33 278.33,322.33
             278.33,322.33 286.33,324.33 286.33,324.33
             286.33,324.33 296.33,333.33 296.33,333.33
             296.33,333.33 298.67,342.00 298.67,342.33
             298.67,342.67 292.67,350.67 292.67,350.67
             292.67,350.67 298.33,354.67 298.33,354.67
             298.33,354.67 304.00,349.67 304.00,349.67
             304.00,349.67 307.67,340.67 307.67,340.67
             307.67,340.67 315.33,333.33 315.67,333.33
             316.00,333.33 325.33,331.00 325.33,331.00
             325.33,331.00 336.00,333.33 336.00,333.33
             336.00,333.33 344.33,340.67 344.33,340.67
             344.33,340.67 347.00,350.67 347.00,350.67
             347.00,350.67 342.33,362.67 342.33,362.67
             342.33,362.67 334.00,369.00 334.00,369.00
             334.00,369.00 326.00,370.67 326.00,371.00
             326.00,371.33 325.67,378.00 325.67,378.00
             325.67,378.00 321.33,383.67 321.33,383.67
             321.33,383.67 317.67,383.67 317.67,383.67
             317.67,383.67 316.67,390.33 316.67,390.33
             316.67,390.33 312.33,389.33 312.33,389.33
             312.33,389.33 307.67,393.00 307.67,393.00
             307.67,393.00 295.33,389.00 295.33,389.00
             295.33,389.00 295.33,378.67 295.33,378.67
             295.33,378.67 304.00,374.00 304.00,374.00
             304.00,374.00 298.33,358.33 298.33,358.33
             298.33,358.33 284.00,356.67 284.00,356.67
             284.00,356.67 284.00,352.33 284.00,352.33
             284.00,352.33 277.00,346.33 277.00,346.33
             277.00,346.33 273.67,329.00 273.67,329.00
             273.67,329.00 265.67,321.00 265.67,321.00
             265.67,321.00 280.33,308.00 280.33,308.00
             280.33,308.00 283.67,303.00 283.67,303.00M 224.00,411.00
           C 224.00,411.00 238.67,393.00 238.67,393.00
             238.67,393.00 241.67,395.00 241.67,395.00
             241.67,395.00 246.67,389.00 248.00,389.00
             249.33,389.00 261.00,389.33 261.00,389.33
             261.00,389.33 268.67,387.00 268.67,387.00
             268.67,387.00 281.00,398.00 281.00,397.67
             281.00,397.33 279.00,402.33 279.00,402.33
             279.00,402.33 275.00,405.00 275.00,405.00
             275.00,405.00 275.33,411.67 275.33,411.67
             275.33,411.67 260.00,418.67 260.00,418.67
             260.00,418.67 251.00,424.00 251.00,424.00
             251.00,424.00 236.00,423.00 236.00,423.00
             236.00,423.00 229.67,419.67 229.67,419.67
             229.67,419.67 224.00,411.00 224.00,411.00" />
</svg>
