<?xml version="1.0" encoding="UTF-8" standalone="no"?>
<!DOCTYPE svg PUBLIC "-//W3C//DTD SVG 20010904//EN"
              "http://www.w3.org/TR/2001/REC-SVG-20010904/DTD/svg10.dtd">

<svg xmlns="http://www.w3.org/2000/svg"
     width="16.5972in" height="13.0417in"
     viewBox="0 0 1195 939">
  <path id="Unknown024"
        fill="none" stroke="black" stroke-width="1"
        d="M 853.33,510.33
           C 853.33,510.33 852.33,492.33 852.33,492.33
             852.33,492.33 851.67,477.33 851.67,477.33
             851.67,477.33 855.00,469.67 854.33,469.67
             853.67,469.67 849.67,465.33 849.67,465.33
             849.67,465.33 850.33,460.33 850.33,460.33
             850.33,460.33 861.00,458.33 861.33,458.33
             861.67,458.33 871.00,444.33 871.00,444.33
             871.00,444.33 874.67,436.67 874.67,436.67
             874.67,436.67 875.00,422.33 875.00,422.33
             875.00,422.33 872.00,417.67 872.00,417.67
             872.00,417.67 872.00,409.67 871.67,409.67
             871.33,409.67 845.33,405.67 845.33,405.67
             845.33,405.67 836.00,408.33 835.33,408.33
             834.67,408.33 827.00,404.33 826.33,404.67
             825.67,405.00 817.00,407.00 817.00,407.00
             817.00,407.00 812.67,405.67 812.67,405.67
             812.67,405.67 807.67,416.00 807.67,416.00
             807.67,416.00 793.33,414.67 793.33,414.00
             793.33,413.33 793.00,410.33 793.00,410.33
             793.00,410.33 796.00,408.00 796.00,408.00
             796.00,408.00 796.00,400.00 796.00,400.00
             796.00,400.00 782.67,398.00 782.67,398.00
             782.67,398.00 775.33,394.67 775.33,394.67
             775.33,394.67 768.67,385.67 768.67,385.67
             768.67,385.67 759.67,384.67 759.67,384.67
             759.67,384.67 753.33,388.67 753.33,388.67
             753.33,388.67 720.33,397.00 720.33,397.00
             720.33,397.00 721.33,408.33 721.33,408.33
             721.33,408.33 731.33,412.00 731.33,412.33
             731.33,412.67 732.67,418.67 732.67,418.67
             732.67,418.67 727.33,418.67 727.33,418.67
             727.33,418.67 730.67,429.00 730.67,429.00
             730.67,429.00 719.00,436.33 719.00,436.33
             719.00,436.33 721.67,441.67 722.33,441.67
             723.00,441.67 737.33,444.33 737.33,444.33
             737.33,444.33 745.67,442.67 745.67,442.67
             745.67,442.67 750.33,453.67 750.33,453.67
             750.33,453.67 759.00,444.67 759.00,444.67
             759.00,444.67 765.33,451.00 765.33,451.00
             765.33,451.00 773.00,450.00 773.00,450.00
             773.00,450.00 776.33,459.33 776.33,459.33
             776.33,459.33 789.00,454.33 789.00,454.33
             789.00,454.33 791.67,459.00 791.67,459.00
             791.67,459.00 783.00,470.00 783.33,470.00
             783.67,470.00 796.33,478.33 796.33,478.33
             796.33,478.33 815.67,488.67 815.67,488.67
             815.67,488.67 830.00,504.00 830.00,504.00
             830.00,504.00 842.00,509.33 842.00,509.33
             842.00,509.33 854.33,510.33 854.33,510.67" />
</svg>
