<?xml version="1.0" encoding="UTF-8" standalone="no"?>
<!DOCTYPE svg PUBLIC "-//W3C//DTD SVG 20010904//EN"
              "http://www.w3.org/TR/2001/REC-SVG-20010904/DTD/svg10.dtd">

<svg xmlns="http://www.w3.org/2000/svg"
     width="16.5972in" height="13.0417in"
     viewBox="0 0 1195 939">
  <path id="Unknown013"
        fill="none" stroke="black" stroke-width="1"
        d="M 326.18,443.45
           C 326.18,443.45 336.73,444.00 336.73,444.00
             336.73,444.00 336.91,456.36 336.91,456.36
             336.91,456.36 340.18,458.55 340.18,458.55
             340.18,458.55 348.36,451.82 348.36,451.82
             348.36,451.82 354.36,451.82 354.73,451.82
             355.09,451.82 360.91,456.91 360.91,456.91
             360.91,456.91 368.55,452.18 368.55,452.18
             368.55,452.18 368.00,448.00 368.00,448.00
             368.00,448.00 365.45,446.91 365.45,446.91
             365.45,446.91 366.36,441.64 366.36,441.64
             366.36,441.64 376.91,440.55 377.09,440.55
             377.27,440.55 382.00,446.73 382.00,446.73
             382.00,446.73 387.64,446.73 387.64,446.73
             387.64,446.73 392.18,445.45 392.18,445.45
             392.18,445.45 397.09,446.55 397.09,446.55
             397.09,446.55 407.27,455.45 407.27,455.45
             407.27,455.45 413.64,456.36 413.64,456.55
             413.64,456.73 414.36,459.64 414.36,459.64
             414.36,459.64 420.00,456.91 420.00,456.91
             420.00,456.91 421.27,461.09 421.27,461.09
             421.27,461.09 426.00,460.91 426.00,460.91
             426.00,460.91 429.27,457.27 429.27,457.27
             429.27,457.27 436.00,456.36 436.00,456.36
             436.00,456.36 440.91,450.91 440.91,450.91
             440.91,450.91 445.45,451.09 445.45,451.09
             445.45,451.09 446.36,454.18 446.36,454.18
             446.36,454.18 452.18,454.18 452.18,454.18
             452.18,454.18 458.55,466.55 458.55,466.55
             458.55,466.55 464.55,466.36 464.55,466.36
             464.55,466.36 471.82,459.09 471.82,459.09
             471.82,459.09 488.73,459.27 488.73,459.27
             488.73,459.27 492.55,450.18 492.55,450.18
             492.55,450.18 505.45,444.00 505.45,444.00
             505.45,444.00 512.00,436.91 512.00,436.91
             512.00,436.91 512.00,433.27 512.00,433.27
             512.00,433.27 501.45,429.82 501.45,429.82
             501.45,429.82 494.73,423.64 494.73,423.64
             494.73,423.64 476.36,424.18 476.36,424.00
             476.36,423.82 465.45,410.55 465.45,410.55
             465.45,410.55 464.91,402.55 464.91,402.55
             464.91,402.55 459.82,398.00 459.82,398.00
             459.82,398.00 444.91,396.18 444.91,396.18
             444.91,396.18 434.55,409.27 434.55,409.27
             434.55,409.27 424.36,409.82 424.36,409.82
             424.36,409.82 421.64,407.27 421.64,407.27
             421.64,407.27 414.73,408.00 414.55,408.00
             414.36,408.00 409.09,412.36 409.09,412.36
             409.09,412.36 397.45,411.45 397.45,411.45
             397.45,411.45 391.64,415.64 391.64,415.64
             391.64,415.64 380.73,408.73 380.55,408.73
             380.36,408.73 374.18,408.73 374.18,408.73
             374.18,408.73 368.73,405.27 368.73,405.27
             368.73,405.27 361.82,404.55 361.82,404.55
             361.82,404.55 343.45,416.18 343.45,416.18
             343.45,416.18 333.82,417.45 333.82,417.45
             333.82,417.45 326.73,423.64 326.73,423.64
             326.73,423.64 326.00,443.27 326.00,443.27" />
</svg>
