<?xml version="1.0" encoding="UTF-8" standalone="no"?>
<!DOCTYPE svg PUBLIC "-//W3C//DTD SVG 20010904//EN"
              "http://www.w3.org/TR/2001/REC-SVG-20010904/DTD/svg10.dtd">

<svg xmlns="http://www.w3.org/2000/svg"
     width="16.5972in" height="13.0417in"
     viewBox="0 0 1195 939">
  <path id="Unknown014"
        fill="none" stroke="black" stroke-width="1"
        d="M 442.00,334.55
           C 441.64,334.55 438.73,331.27 438.73,331.27
             438.73,331.27 418.18,333.45 418.18,333.45
             418.18,333.45 407.82,343.45 407.82,343.45
             407.82,343.45 401.64,343.82 401.64,343.82
             401.64,343.82 396.36,347.64 396.36,347.64
             396.36,347.64 392.55,353.09 392.55,353.09
             392.55,353.09 391.27,357.82 391.09,357.82
             390.91,357.82 390.55,368.73 390.55,368.73
             390.55,368.73 377.45,386.36 377.45,386.36
             377.45,386.36 377.45,392.18 377.27,392.18
             377.09,392.18 373.45,391.45 373.09,391.64
             372.73,391.82 375.09,395.45 375.64,395.45
             376.18,395.45 380.91,395.64 380.91,395.64
             380.91,395.64 382.00,401.09 382.00,401.09
             382.00,401.09 375.45,397.09 375.45,397.09
             375.45,397.09 366.55,397.09 366.36,397.09
             366.18,397.09 365.45,400.18 365.64,400.18
             365.82,400.18 377.64,404.36 377.64,404.36
             377.64,404.36 378.91,408.18 378.91,408.18
             378.91,408.18 383.64,410.18 383.64,410.18
             383.64,410.18 388.36,414.73 388.36,414.73
             388.36,414.73 393.64,414.73 393.64,414.73
             393.64,414.73 395.45,412.00 395.45,412.00
             395.45,412.00 407.45,412.36 407.45,412.36
             407.45,412.36 414.00,408.18 414.00,408.18
             414.00,408.18 421.45,408.18 421.45,408.18
             421.45,408.18 432.73,409.82 432.73,409.82
             432.73,409.82 439.09,404.18 439.09,404.18
             439.09,404.18 438.73,400.55 438.73,400.55
             438.73,400.55 443.82,396.73 443.82,396.73
             443.82,396.73 444.00,394.36 444.00,394.36
             444.00,394.36 438.18,388.00 438.18,388.00
             438.18,388.00 438.18,374.00 438.18,374.18
             438.18,374.36 449.82,373.64 449.82,373.64
             449.82,373.64 462.73,370.00 462.73,370.00
             462.73,370.00 463.09,361.09 463.09,361.09
             463.09,361.09 469.27,353.27 469.27,353.27
             469.27,353.27 468.55,335.64 468.55,335.45
             468.55,335.27 465.45,322.36 465.45,322.36
             465.45,322.36 447.64,321.64 447.64,321.64
             447.64,321.64 444.18,326.55 444.18,326.73
             444.18,326.91 442.36,334.91 442.36,334.91" />
</svg>
