<?xml version="1.0" encoding="UTF-8" standalone="no"?>
<!DOCTYPE svg PUBLIC "-//W3C//DTD SVG 20010904//EN"
              "http://www.w3.org/TR/2001/REC-SVG-20010904/DTD/svg10.dtd">

<svg xmlns="http://www.w3.org/2000/svg"
     width="16.5972in" height="13.0417in"
     viewBox="0 0 1195 939">
  <path id="Unknown020"
        fill="none" stroke="black" stroke-width="1"
        d="M 683.27,187.27
           C 683.27,187.27 682.73,175.27 682.91,174.73
             683.09,174.18 692.73,163.27 692.73,163.27
             692.73,163.27 698.00,164.73 698.00,164.73
             698.00,164.73 706.36,156.73 706.36,156.73
             706.36,156.73 716.00,154.36 716.00,154.36
             716.00,154.36 724.18,156.18 724.18,156.18
             724.18,156.18 731.64,161.64 731.64,161.64
             731.64,161.64 736.18,171.64 736.18,171.64
             736.18,171.64 735.82,180.73 735.82,181.09
             735.82,181.45 729.09,189.45 729.09,189.45
             729.09,189.45 722.55,193.27 722.36,193.27
             722.18,193.27 711.45,193.45 711.45,193.45
             711.45,193.45 704.55,190.55 704.55,190.55
             704.55,190.55 697.27,181.64 697.27,181.64
             697.27,181.64 694.55,187.27 694.55,187.27
             694.55,187.27 689.45,190.00 689.45,190.00
             689.45,190.00 688.36,197.64 687.82,197.64
             687.27,197.64 682.00,200.73 682.00,200.73
             682.00,200.73 684.55,192.91 684.55,192.91
             684.55,192.91 683.27,187.64 683.27,187.64M 658.73,186.00
           C 658.55,186.00 654.73,198.00 654.73,198.00
             654.73,198.00 654.55,203.27 654.55,203.27
             654.55,203.27 652.36,204.73 652.36,204.73
             652.36,204.73 649.27,217.09 649.27,217.09
             649.27,217.09 647.82,224.91 647.82,224.91
             647.82,224.91 645.09,226.00 645.09,226.00
             645.09,226.00 645.45,213.64 645.45,213.45
             645.45,213.27 649.45,201.45 649.45,201.45
             649.45,201.45 658.73,186.36 658.73,186.36M 767.82,117.45
           C 767.82,117.45 774.73,117.27 774.73,117.27
             774.73,117.27 779.45,111.64 779.45,111.64
             779.45,111.64 780.73,114.91 780.73,114.91
             780.73,114.91 785.82,115.82 785.82,115.82
             785.82,115.82 788.36,122.00 788.36,122.00
             788.36,122.00 784.36,124.36 784.36,124.36
             784.36,124.36 781.45,121.64 781.45,121.64
             781.45,121.64 780.36,127.64 780.36,127.64
             780.36,127.64 776.00,128.18 776.00,128.00
             776.00,127.82 774.36,120.91 774.36,120.91
             774.36,120.91 767.82,117.82 767.82,117.82M 793.27,137.82
           C 793.27,137.82 789.64,138.73 789.64,138.73
             789.64,138.73 781.64,147.09 781.64,147.09
             781.64,147.09 774.91,146.91 774.91,146.91
             774.91,146.91 771.27,151.09 771.27,151.09
             771.27,151.09 771.09,155.82 771.09,155.82
             771.09,155.82 768.18,160.00 768.18,160.00
             768.18,160.00 766.00,160.00 765.82,159.82
             765.64,159.64 765.09,155.45 765.27,155.27
             765.45,155.09 768.55,151.45 768.55,151.45
             768.55,151.45 763.45,146.00 763.27,146.00
             763.09,146.00 765.64,142.00 765.64,141.82
             765.64,141.64 763.45,136.18 763.45,136.18
             763.45,136.18 766.36,136.18 766.36,136.18
             766.36,136.18 771.64,136.18 771.64,136.00
             771.64,135.82 774.73,132.18 774.73,132.18
             774.73,132.18 779.64,132.18 779.64,132.18
             779.64,132.18 784.36,131.82 784.36,131.82
             784.36,131.82 793.27,137.64 793.27,137.64M 793.27,133.27
           C 793.27,133.27 796.00,131.27 796.00,131.27
             796.00,131.27 794.00,128.18 794.00,128.18
             794.00,128.18 789.82,128.73 789.82,128.73
             789.82,128.73 789.27,131.09 789.27,131.09
             789.27,131.09 793.27,133.64 793.27,133.64" />
</svg>
