<?xml version="1.0" encoding="UTF-8" standalone="no"?>
<!DOCTYPE svg PUBLIC "-//W3C//DTD SVG 20010904//EN"
              "http://www.w3.org/TR/2001/REC-SVG-20010904/DTD/svg10.dtd">

<svg xmlns="http://www.w3.org/2000/svg"
     width="16.5972in" height="13.0417in"
     viewBox="0 0 1195 939">
  <path id="Visigoths"
        fill="none" stroke="black" stroke-width="1"
        d="M 267.00,607.00
           C 267.04,604.22 267.03,595.16 272.01,597.17
             276.07,598.80 277.13,604.69 279.51,608.00
             284.77,615.32 287.97,614.90 296.00,615.00
             304.94,615.12 304.01,617.32 310.00,618.61
             317.72,620.28 312.79,616.56 331.00,623.42
             333.27,624.28 340.79,626.88 342.03,628.70
             343.51,631.12 340.90,633.48 342.03,637.00
             343.62,641.39 351.84,647.12 349.40,653.99
             347.90,658.20 339.57,663.68 338.15,669.00
             337.26,672.33 339.29,674.03 339.65,677.00
             340.27,682.12 334.48,689.48 329.00,688.30
             322.64,686.93 325.89,684.48 315.00,683.87
             308.64,683.52 308.19,679.60 303.00,678.31
             303.00,678.31 289.09,677.59 289.09,677.59
             285.39,676.62 284.67,674.40 279.00,673.12
             276.43,672.54 270.33,671.99 268.43,670.71
             260.89,665.64 275.92,649.92 263.00,651.00
             263.00,651.00 267.00,607.00 267.00,607.00 Z" />
</svg>
